# Timestep 0 
# 
# Number of particles 559 
# 
# Max number of bonds per atom 5 with coarse bond order cutoff 0.300 
# Particle connection table and bond orders 
# id type nb id_1...id_nb mol bo_1...bo_nb abo nlp q 
 1 1 0 0         0.223         1.740         0.239
 2 1 4 423 7 9 3 0         0.431         0.942         0.930         0.321         2.696         0.052         0.875
 3 1 5 2 416 7 6 419 0         0.321         0.442         0.933         0.944         0.921         3.864         0.000         1.027
 4 2 1 146 0         0.949         0.964         2.004        -0.432
 5 2 2 11 28 0         0.950         0.556         1.549         2.000        -0.593
 6 2 2 3 11 0         0.944         0.932         1.898         2.000        -0.754
 7 2 2 2 3 0         0.942         0.933         1.890         2.000        -0.613
 8 2 2 37 146 0         0.940         0.935         1.885         2.000        -0.828
 9 2 2 2 37 0         0.930         0.947         1.897         2.000        -0.732
 10 1 3 164 168 163 0         0.314         0.926         0.596         2.694         0.053         0.543
 11 1 4 5 6 16 18 0         0.950         0.932         0.944         0.939         3.890         0.000         1.558
 12 1 4 428 432 15 16 0         0.926         0.935         0.942         0.935         3.888         0.000         1.493
 13 2 2 28 155 0         0.928         0.926         1.864         2.000        -0.731
 14 2 2 28 20 0         0.911         0.929         1.844         2.000        -0.724
 15 2 2 12 20 0         0.942         0.933         1.879         2.000        -0.761
 16 2 2 11 12 0         0.944         0.935         1.895         2.000        -0.823
 17 2 2 46 155 0         0.935         0.945         1.884         2.000        -0.792
 18 2 2 11 46 0         0.939         0.922         1.869         2.000        -0.737
 19 1 0 0         0.000         2.000         0.161
 20 1 4 14 15 25 27 0         0.929         0.933         0.920         0.902         3.839         0.000         1.451
 21 1 4 437 441 24 25 0         0.939         0.935         0.934         0.941         3.869         0.000         1.533
 22 2 1 164 0         0.939         0.947         2.004        -0.347
 23 2 1 29 0         0.932         0.937         2.005        -0.363
 24 2 2 21 29 0         0.934         0.945         1.897         2.000        -0.784
 25 2 2 20 21 0         0.920         0.941         1.866         2.000        -0.742
 26 2 2 54 164 0         0.937         0.946         1.926         2.000        -0.801
 27 2 2 20 54 0         0.902         0.927         1.832         2.000        -0.711
 28 1 5 5 13 14 124 125 0         0.556         0.928         0.911         0.814         0.595         3.832         0.000         1.279
 29 1 4 23 24 34 36 0         0.932         0.945         0.941         0.929         3.896         0.000         1.540
 30 1 4 446 450 33 34 0         0.946         0.944         0.938         0.938         3.879         0.000         1.371
 31 2 1 173 0         0.947         0.954         2.004        -0.371
 32 2 1 38 0         1.735         1.749         2.000        -0.542
 33 2 2 30 446 0         0.938         0.809         1.753         2.000        -0.249
 34 2 2 29 30 0         0.941         0.938         1.885         2.000        -0.760
 35 2 2 63 173 0         0.940         0.907         1.867         2.000        -0.709
 36 2 2 29 63 0         0.929         0.937         1.878         2.000        -0.779
 37 1 4 8 9 40 41 0         0.940         0.947         0.940         0.935         3.822         0.000         1.655
 38 1 3 32 43 45 0         1.735         0.943         0.934         3.675         0.000         1.274
 39 1 4 455 459 42 43 0         0.910         0.919         0.941         0.894         3.821         0.000         1.449
 40 2 2 37 182 0         0.940         0.935         1.880         2.000        -0.861
 41 2 2 37 47 0         0.935         0.928         1.877         2.000        -0.796
 42 2 2 39 47 0         0.941         0.924         1.867         2.000        -0.818
 43 2 2 38 39 0         0.943         0.894         1.844         2.000        -0.743
 44 2 2 72 182 0         0.936         0.945         1.895         2.000        -0.819
 45 2 2 38 72 0         0.934         0.931         1.879         2.000        -0.778
 46 1 3 17 18 49 0         0.935         0.922         0.930         2.899         0.007         1.219
 47 1 4 41 42 53 51 0         0.928         0.924         0.918         0.945         3.820         0.000         1.582
 48 1 4 464 468 50 51 0         0.935         0.930         0.940         0.931         3.831         0.000         1.630
 49 2 2 46 55 0         0.930         0.942         1.874         2.000        -0.774
 50 2 2 48 55 0         0.940         0.926         1.874         2.000        -0.789
 51 2 2 47 48 0         0.945         0.931         1.881         2.000        -0.831
 52 2 1 81 0         0.935         0.944         2.004        -0.393
 53 2 2 47 81 0         0.918         0.941         1.864         2.000        -0.769
 54 1 4 26 27 57 58 0         0.937         0.927         0.929         0.916         3.851         0.000         1.457
 55 1 4 49 50 60 62 0         0.942         0.926         0.943         0.916         3.834         0.000         1.609
 56 1 4 473 477 60 59 0         0.923         0.943         0.930         0.924         3.821         0.000         1.609
 57 2 2 54 195 0         0.929         0.836         1.898         2.000        -0.711
 58 2 2 54 64 0         0.916         0.941         1.863         2.000        -0.773
 59 2 2 56 64 0         0.924         0.935         1.864         2.000        -0.804
 60 2 2 55 56 0         0.943         0.930         1.879         2.000        -0.813
 61 2 2 195 90 0         0.933         0.936         1.872         2.000        -0.786
 62 2 2 55 90 0         0.916         0.940         1.863         2.000        -0.765
 63 1 4 35 36 66 67 0         0.940         0.937         0.934         0.949         3.840         0.000         1.518
 64 1 4 58 59 69 71 0         0.941         0.935         0.930         0.928         3.831         0.000         1.574
 65 1 4 486 482 69 68 0         0.928         0.940         0.937         0.927         3.880         0.000         1.469
 66 2 2 63 203 0         0.934         0.923         1.860         2.000        -0.782
 67 2 1 63 0         0.949         0.959         2.004        -0.434
 68 2 1 65 0         0.927         0.941         2.005        -0.334
 69 2 2 64 65 0         0.930         0.937         1.874         2.000        -0.795
 70 2 2 99 203 0         0.943         0.920         1.877         2.000        -0.761
 71 2 2 64 99 0         0.928         0.927         1.856         2.000        -0.803
 72 1 4 44 45 75 76 0         0.936         0.931         0.933         0.951         3.830         0.000         1.652
 73 1 3 78 80 109 0         0.926         0.942         0.677         2.642         0.081         0.709
 74 1 4 491 495 78 77 0         0.927         0.892         0.941         0.939         3.832         0.000         1.481
 75 2 2 72 212 0         0.933         0.943         1.893         2.000        -0.801
 76 2 2 72 82 0         0.951         0.934         1.889         2.000        -0.859
 77 2 2 74 82 0         0.939         0.901         1.843         2.000        -0.763
 78 2 2 73 74 0         0.926         0.941         1.869         2.000        -0.700
 79 2 2 108 212 0         0.936         0.935         1.896         2.000        -0.812
 80 2 2 73 108 0         0.942         0.925         1.874         2.000        -0.706
 81 1 4 52 53 84 85 0         0.935         0.941         0.911         0.929         3.837         0.000         1.457
 82 1 4 76 77 87 89 0         0.934         0.901         0.924         0.927         3.802         0.000         1.526
 83 1 4 500 504 87 86 0         0.935         0.928         0.938         0.931         3.839         0.000         1.632
 84 2 2 81 221 0         0.911         0.938         1.858         2.000        -0.728
 85 2 2 81 91 0         0.929         0.917         1.847         2.000        -0.742
 86 2 2 83 91 0         0.931         0.923         1.858         2.000        -0.788
 87 2 2 82 83 0         0.924         0.938         1.867         2.000        -0.791
 88 2 2 117 221 0         0.944         0.934         1.892         2.000        -0.820
 89 2 2 82 117 0         0.927         0.936         1.874         2.000        -0.821
 90 1 4 61 62 93 94 0         0.936         0.940         0.923         0.939         3.864         0.000         1.617
 91 1 4 85 86 96 98 0         0.917         0.923         0.932         0.934         3.816         0.000         1.541
 92 1 4 509 513 95 96 0         0.936         0.933         0.919         0.922         3.827         0.000         1.556
 93 2 2 90 227 0         0.923         0.933         1.859         2.000        -0.748
 94 2 2 90 100 0         0.939         0.936         1.882         2.000        -0.840
 95 2 2 92 100 0         0.919         0.929         1.853         2.000        -0.786
 96 2 2 91 92 0         0.932         0.922         1.860         2.000        -0.761
 97 2 2 126 227 0         0.942         0.919         1.871         2.000        -0.760
 98 2 2 91 126 0         0.934         0.934         1.870         2.000        -0.811
 99 1 4 70 71 102 103 0         0.943         0.927         0.936         0.950         3.842         0.000         1.551
 100 1 4 94 95 105 107 0         0.936         0.929         0.912         0.950         3.866         0.000         1.588
 101 1 4 518 522 104 105 0         0.940         0.914         0.953         0.931         3.800         0.000         1.499
 102 2 2 99 234 0         0.936         0.934         1.878         2.000        -0.758
 103 2 1 99 0         0.950         0.965         2.003        -0.393
 104 2 1 101 0         0.953         0.960         2.004        -0.401
 105 2 2 100 101 0         0.912         0.931         1.850         2.000        -0.773
 106 2 2 135 234 0         0.922         0.932         1.858         2.000        -0.722
 107 2 2 100 135 0         0.950         0.911         1.864         2.000        -0.802
 108 1 4 79 80 111 112 0         0.936         0.925         0.937         0.942         3.845         0.000         1.598
 109 1 3 73 114 116 0         0.677         0.930         1.502         3.127         0.000         0.734
 110 1 4 527 531 113 114 0         0.935         0.922         0.938         0.924         3.832         0.000         1.485
 111 2 2 108 243 0         0.937         0.947         1.888         2.000        -0.835
 112 2 2 108 118 0         0.942         0.931         1.881         2.000        -0.841
 113 2 2 110 118 0         0.938         0.942         1.889         2.000        -0.817
 114 2 2 109 110 0         0.930         0.924         1.866         2.000        -0.680
 115 2 2 243 247 0         0.929         0.908         1.838         2.000        -0.343
 116 2 1 109 0         1.502         1.502         2.000        -0.435
 117 1 4 88 89 120 121 0         0.944         0.936         0.942         0.934         3.861         0.000         1.667
 118 1 4 112 113 123 125 0         0.931         0.942         0.918         0.940         3.842         0.000         1.554
 119 1 4 536 540 122 123 0         0.922         0.928         0.901         0.943         3.817         0.000         1.436
 120 2 2 117 251 0         0.942         0.928         1.879         2.000        -0.826
 121 2 2 117 127 0         0.934         0.934         1.877         2.000        -0.792
 122 2 2 119 127 0         0.901         0.948         1.851         2.000        -0.746
 123 2 2 118 119 0         0.918         0.943         1.865         2.000        -0.752
 124 2 2 251 28 0         0.943         0.814         1.759         2.000        -0.691
 125 2 2 118 28 0         0.940         0.595         1.561         2.000        -0.588
 126 1 4 97 98 129 130 0         0.942         0.934         0.936         0.923         3.836         0.000         1.607
 127 1 4 121 122 134 132 0         0.934         0.948         0.901         0.925         3.805         0.000         1.470
 128 1 4 545 549 131 132 0         0.941         0.951         0.928         0.935         3.868         0.000         1.561
 129 2 2 126 260 0         0.936         0.943         1.884         2.000        -0.798
 130 2 2 126 136 0         0.923         0.939         1.882         2.000        -0.822
 131 2 2 128 136 0         0.928         0.954         1.893         2.000        -0.825
 132 2 2 127 128 0         0.925         0.935         1.875         2.000        -0.744
 133 2 1 260 0         0.943         0.951         2.004        -0.389
 134 2 1 127 0         0.901         0.906         2.007        -0.311
 135 1 4 106 107 138 139 0         0.922         0.911         0.945         0.909         3.860         0.000         1.380
 136 1 4 130 131 141 143 0         0.939         0.954         0.939         0.943         3.865         0.000         1.609
 137 1 4 554 558 141 140 0         0.937         0.934         0.940         0.949         3.800         0.000         1.447
 138 2 2 135 269 0         0.945         0.927         1.879         2.000        -0.738
 139 2 1 135 0         0.909         0.916         2.006        -0.314
 140 2 1 137 0         0.949         0.985         2.003        -0.393
 141 2 2 136 137 0         0.939         0.940         1.884         2.000        -0.827
 142 2 1 269 0         1.631         1.634         2.000        -0.426
 143 2 1 136 0         0.943         0.960         2.004        -0.427
 144 1 3 272 242 249 0         0.918         0.864         0.912         2.695         0.053         0.505
 145 1 4 150 175 147 152 0         0.928         0.498         0.919         0.937         3.555         0.000         1.156
 146 1 4 4 8 150 149 0         0.949         0.935         0.933         0.939         3.856         0.000         1.568
 147 2 2 145 278 0         0.919         0.912         1.853         2.000        -0.638
 148 2 1 154 0         0.940         0.948         2.004        -0.384
 149 2 2 146 154 0         0.939         0.940         1.886         2.000        -0.795
 150 2 2 145 146 0         0.928         0.933         1.871         2.000        -0.706
 151 2 2 180 278 0         0.925         0.937         1.883         2.000        -0.755
 152 2 2 145 180 0         0.937         0.905         1.858         2.000        -0.686
 153 1 0 0         0.002         2.000         0.093
 154 1 4 148 149 159 161 0         0.940         0.940         0.943         0.917         3.822         0.000         1.443
 155 1 4 13 17 158 159 0         0.926         0.945         0.939         0.935         3.859         0.000         1.594
 156 2 1 287 0         0.927         0.943         2.004        -0.294
 157 2 1 163 0         0.928         0.941         2.005        -0.308
 158 2 2 155 163 0         0.939         0.933         1.930         2.000        -0.717
 159 2 2 154 155 0         0.943         0.935         1.895         2.000        -0.754
 160 2 1 287 0         0.913         0.919         2.006        -0.314
 161 2 1 154 0         0.917         0.926         2.005        -0.328
 162 1 4 265 266 165 166 0         0.942         0.922         0.934         0.909         3.828         0.000         1.538
 163 1 5 10 157 158 168 170 0         0.596         0.928         0.933         0.374         0.923         3.827         0.000         1.108
 164 1 5 10 22 26 167 168 0         0.314         0.939         0.946         0.922         0.601         3.810         0.000         1.229
 165 2 2 162 296 0         0.934         0.942         1.887         2.000        -0.822
 166 2 2 162 172 0         0.909         0.934         1.845         2.000        -0.751
 167 2 2 164 172 0         0.922         0.924         1.848         2.000        -0.716
 168 2 3 10 163 164 0         0.926         0.374         0.601         1.902         2.000        -0.535
 169 2 2 194 296 0         0.936         0.932         1.871         2.000        -0.798
 170 2 2 163 194 0         0.923         0.936         1.980         2.000        -0.701
 171 1 1 175 0         0.948         1.022         1.002         0.345
 172 1 4 166 167 177 179 0         0.934         0.924         0.928         0.930         3.862         0.000         1.495
 173 1 4 31 35 176 177 0         0.947         0.907         0.936         0.917         3.863         0.000         1.422
 174 2 1 305 0         0.939         0.942         2.004        -0.352
 175 2 2 171 145 0         0.948         0.498         1.453         2.000        -0.363
 176 2 2 173 181 0         0.936         0.934         1.884         2.000        -0.721
 177 2 2 172 173 0         0.928         0.917         1.847         2.000        -0.736
 178 2 2 201 305 0         0.912         0.953         1.874         2.000        -0.749
 179 2 2 172 201 0         0.930         0.935         1.874         2.000        -0.780
 180 1 4 151 152 183 184 0         0.925         0.905         0.935         0.936         3.820         0.000         1.487
 181 1 3 176 206 205 0         0.934         0.943         0.930         3.026         0.002         1.153
 182 1 4 40 44 185 186 0         0.935         0.945         0.911         0.954         3.804         0.000         1.530
 183 2 2 180 314 0         0.935         0.937         1.878         2.000        -0.806
 184 2 2 180 189 0         0.936         0.925         1.866         2.000        -0.742
 185 2 2 182 189 0         0.911         0.943         1.858         2.000        -0.743
 186 2 1 182 0         0.954         0.961         2.004        -0.450
 187 2 2 314 210 0         0.929         0.918         1.848         2.000        -0.764
 188 2 1 210 0         0.954         0.961         2.004        -0.419
 189 1 4 184 185 191 193 0         0.925         0.943         0.919         0.912         3.797         0.000         1.381
 190 2 1 323 0         0.942         0.956         2.004        -0.399
 191 2 1 189 0         0.919         0.926         2.005        -0.397
 192 2 2 323 219 0         0.946         0.917         1.869         2.000        -0.752
 193 2 2 189 219 0         0.912         0.932         1.846         2.000        -0.648
 194 1 4 169 170 196 197 0         0.936         0.936         0.940         0.763         3.870         0.000         1.390
 195 1 4 57 61 199 198 0         0.836         0.933         0.923         0.935         3.764         0.000         1.325
 196 2 2 194 332 0         0.940         0.935         1.877         2.000        -0.772
 197 2 2 194 202 0         0.763         0.939         1.977         2.000        -0.719
 198 2 2 195 202 0         0.935         0.929         1.868         2.000        -0.757
 199 2 1 195 0         0.923         0.923         2.006        -0.422
 200 2 2 332 226 0         0.920         0.938         1.858         2.000        -0.666
 201 1 4 178 179 204 205 0         0.912         0.935         0.904         0.942         3.882         0.000         1.490
 202 1 4 197 198 207 209 0         0.939         0.929         0.941         0.927         3.858         0.000         1.521
 203 1 4 66 70 207 206 0         0.923         0.920         0.938         0.932         3.831         0.000         1.540
 204 2 2 201 341 0         0.904         0.938         1.846         2.000        -0.748
 205 2 2 181 201 0         0.930         0.942         1.877         2.000        -0.742
 206 2 2 181 203 0         0.943         0.932         1.878         2.000        -0.764
 207 2 2 202 203 0         0.941         0.938         1.881         2.000        -0.837
 208 2 2 341 232 0         0.939         0.938         1.900         2.000        -0.743
 209 2 2 202 232 0         0.927         0.918         1.860         2.000        -0.743
 210 1 4 187 188 213 214 0         0.918         0.954         0.946         0.936         3.870         0.000         1.564
 211 1 0 0         0.000         2.000         0.116
 212 1 4 75 79 216 215 0         0.943         0.935         0.950         0.923         3.838         0.000         1.522
 213 2 2 210 350 0         0.946         0.937         1.898         2.000        -0.807
 214 2 2 210 220 0         0.936         0.927         1.874         2.000        -0.727
 215 2 2 212 220 0         0.923         0.939         1.868         2.000        -0.781
 216 2 1 212 0         0.950         0.983         2.003        -0.411
 217 2 2 241 350 0         0.948         0.923         1.888         2.000        -0.787
 218 2 1 241 0         0.966         1.007         2.002        -0.461
 219 1 3 192 193 222 0         0.917         0.932         0.945         2.869         0.010         1.111
 220 1 4 214 215 224 225 0         0.927         0.939         0.930         0.933         3.852         0.000         1.486
 221 1 4 84 88 224 223 0         0.938         0.934         0.933         0.929         3.837         0.000         1.510
 222 2 1 219 0         0.945         0.946         2.004        -0.368
 223 2 1 221 0         0.929         0.937         2.005        -0.369
 224 2 2 220 221 0         0.930         0.933         1.869         2.000        -0.767
 225 2 1 220 0         0.933         0.937         2.005        -0.351
 226 1 2 200 228 0         0.938         0.923         1.922         1.000         0.830
 227 1 4 93 97 229 230 0         0.933         0.919         0.923         0.944         3.806         0.000         1.430
 228 2 2 226 233 0         0.923         0.926         1.850         2.000        -0.676
 229 2 2 227 233 0         0.923         0.929         1.853         2.000        -0.778
 230 2 1 227 0         0.944         0.952         2.004        -0.414
 231 2 1 258 0         0.922         0.923         2.006        -0.320
 232 1 4 208 209 235 236 0         0.938         0.918         0.932         0.918         3.830         0.000         1.449
 233 1 4 228 229 238 240 0         0.926         0.929         0.936         0.939         3.879         0.000         1.488
 234 1 4 102 106 237 238 0         0.934         0.932         0.929         0.905         3.816         0.000         1.410
 235 2 2 232 373 0         0.932         0.928         1.865         2.000        -0.740
 236 2 1 232 0         0.918         0.922         2.006        -0.365
 237 2 1 234 0         0.929         0.931         2.005        -0.367
 238 2 2 233 234 0         0.936         0.905         1.843         2.000        -0.755
 239 2 2 267 373 0         0.936         0.914         1.858         2.000        -0.721
 240 2 2 233 267 0         0.939         0.924         1.866         2.000        -0.777
 241 1 4 217 218 244 245 0         0.948         0.966         0.940         0.951         3.893         0.000         1.687
 242 1 3 272 249 144 0         0.929         0.905         0.864         2.698         0.051         0.492
 243 1 4 111 115 246 247 0         0.947         0.929         0.942         0.939         3.859         0.000         1.383
 244 2 2 241 382 0         0.940         0.942         1.887         2.000        -0.822
 245 2 2 241 250 0         0.951         0.920         1.910         2.000        -0.791
 246 2 2 243 250 0         0.942         0.924         1.871         2.000        -0.755
 247 2 2 115 243 0         0.908         0.939         1.846         2.000        -0.311
 248 2 2 382 386 0         0.942         0.948         1.891         2.000        -0.343
 249 2 2 242 144 0         0.905         0.912         1.830         2.000        -0.483
 250 1 4 245 246 255 257 0         0.920         0.924         0.938         0.942         3.870         0.000         1.481
 251 1 4 120 124 254 255 0         0.928         0.943         0.931         0.917         3.848         0.000         1.545
 252 2 1 391 0         0.923         0.933         2.005        -0.291
 253 2 1 259 0         0.944         0.949         2.004        -0.380
 254 2 2 251 259 0         0.931         0.919         1.853         2.000        -0.725
 255 2 2 250 251 0         0.938         0.917         1.858         2.000        -0.760
 256 2 1 391 0         0.937         0.944         2.004        -0.308
 257 2 1 250 0         0.942         0.951         2.004        -0.363
 258 1 3 231 261 262 0         0.922         0.942         0.934         2.894         0.008         1.018
 259 1 4 253 254 264 266 0         0.944         0.919         0.910         0.934         3.820         0.000         1.459
 260 1 4 129 133 263 264 0         0.943         0.943         0.928         0.939         3.860         0.000         1.542
 261 2 2 258 400 0         0.942         0.918         1.862         2.000        -0.700
 262 2 2 258 268 0         0.934         0.929         1.871         2.000        -0.677
 263 2 2 260 268 0         0.928         0.925         1.862         2.000        -0.728
 264 2 2 259 260 0         0.910         0.939         1.853         2.000        -0.725
 265 2 2 400 162 0         0.929         0.942         1.873         2.000        -0.782
 266 2 2 259 162 0         0.934         0.922         1.857         2.000        -0.767
 267 1 4 239 240 270 271 0         0.936         0.924         0.934         0.918         3.855         0.000         1.424
 268 1 4 262 263 273 275 0         0.929         0.925         0.931         0.940         3.836         0.000         1.423
 269 1 3 138 142 273 0         0.927         1.631         0.910         3.565         0.000         1.239
 270 2 2 267 409 0         0.934         0.937         1.875         2.000        -0.772
 271 2 1 267 0         0.918         0.918         2.006        -0.388
 272 2 2 242 144 0         0.929         0.918         1.859         2.000        -0.503
 273 2 2 268 269 0         0.931         0.910         1.841         2.000        -0.698
 274 2 1 409 0         0.939         0.946         2.004        -0.367
 275 2 1 268 0         0.940         0.942         2.005        -0.367
 276 1 0 0         0.000         2.000         0.138
 277 1 3 279 282 284 0         0.909         0.952         0.908         2.970         0.003         0.996
 278 1 4 147 151 282 281 0         0.912         0.937         0.921         0.929         3.850         0.000         1.460
 279 2 2 277 418 0         0.909         0.940         1.863         2.000        -0.645
 280 2 2 390 286 0         0.937         0.939         1.890         2.000        -0.812
 281 2 2 278 286 0         0.929         0.925         1.860         2.000        -0.750
 282 2 2 277 278 0         0.952         0.921         1.876         2.000        -0.732
 283 2 2 312 418 0         0.927         0.920         1.868         2.000        -0.682
 284 2 2 277 312 0         0.908         0.918         1.836         2.000        -0.673
 285 1 0 0         0.000         2.000         0.130
 286 1 4 280 281 291 293 0         0.939         0.925         0.936         0.939         3.844         0.000         1.608
 287 1 4 156 160 290 291 0         0.927         0.913         0.936         0.943         3.769         0.000         1.365
 288 2 1 303 0         1.350         1.357         2.000        -0.408
 289 2 1 295 0         0.936         0.943         2.004        -0.366
 290 2 2 287 295 0         0.936         0.918         1.857         2.000        -0.734
 291 2 2 286 287 0         0.936         0.943         1.890         2.000        -0.768
 292 2 2 303 427 0         0.937         0.940         1.889         2.000        -0.639
 293 2 2 286 321 0         0.939         0.931         1.871         2.000        -0.800
 294 1 0 0         0.000         2.000         0.121
 295 1 4 289 290 300 302 0         0.936         0.918         0.933         0.938         3.815         0.000         1.460
 296 1 4 165 169 299 300 0         0.942         0.932         0.953         0.904         3.849         0.000         1.612
 297 2 1 436 0         0.920         0.923         2.006        -0.330
 298 2 1 304 0         0.922         0.926         2.005        -0.351
 299 2 2 296 304 0         0.953         0.929         1.890         2.000        -0.827
 300 2 2 295 296 0         0.933         0.904         1.842         2.000        -0.734
 301 2 2 330 436 0         0.939         0.937         1.881         2.000        -0.798
 302 2 2 295 330 0         0.938         0.939         1.884         2.000        -0.831
 303 1 3 288 292 321 0         1.350         0.937         0.709         3.322         0.000         0.811
 304 1 4 298 299 309 311 0         0.922         0.929         0.946         0.925         3.868         0.000         1.484
 305 1 4 174 178 308 309 0         0.939         0.953         0.937         0.906         3.809         0.000         1.412
 306 2 1 445 0         0.925         0.937         2.005        -0.325
 307 2 1 313 0         1.289         1.308         2.000        -0.451
 308 2 1 305 0         0.937         1.104         2.001        -0.354
 309 2 2 304 305 0         0.946         0.906         1.859         2.000        -0.710
 310 2 2 339 445 0         0.939         0.910         1.855         2.000        -0.722
 311 2 2 304 339 0         0.925         0.946         1.885         2.000        -0.762
 312 1 4 283 284 316 315 0         0.927         0.918         0.939         0.911         3.833         0.000         1.434
 313 1 3 307 318 320 0         1.289         0.928         0.935         3.250         0.000         1.148
 314 1 4 183 187 317 318 0         0.937         0.929         0.943         0.933         3.815         0.000         1.605
 315 2 2 312 454 0         0.911         0.936         1.854         2.000        -0.774
 316 2 2 312 322 0         0.939         0.944         1.888         2.000        -0.801
 317 2 2 314 322 0         0.943         0.934         1.885         2.000        -0.828
 318 2 2 313 314 0         0.928         0.933         1.874         2.000        -0.737
 319 2 2 348 454 0         0.919         0.908         1.831         2.000        -0.715
 320 2 2 313 348 0         0.935         0.943         1.890         2.000        -0.771
 321 1 4 293 303 325 324 0         0.931         0.709         0.929         0.934         3.648         0.000         1.126
 322 1 4 316 317 329 327 0         0.944         0.934         0.922         0.907         3.804         0.000         1.569
 323 1 4 190 192 326 327 0         0.942         0.946         0.933         0.944         3.852         0.000         1.525
 324 2 2 321 463 0         0.934         0.924         1.861         2.000        -0.736
 325 2 2 321 331 0         0.929         0.934         1.955         2.000        -0.800
 326 2 2 323 331 0         0.933         0.937         1.887         2.000        -0.807
 327 2 2 322 323 0         0.907         0.944         1.856         2.000        -0.811
 328 2 2 357 463 0         0.923         0.943         1.873         2.000        -0.839
 329 2 2 322 357 0         0.922         0.952         1.890         2.000        -0.817
 330 1 4 301 302 334 333 0         0.939         0.939         0.927         0.933         3.851         0.000         1.606
 331 1 4 325 326 336 338 0         0.934         0.937         0.934         0.908         3.860         0.000         1.519
 332 1 4 196 200 336 335 0         0.935         0.920         0.922         0.933         3.824         0.000         1.506
 333 2 2 330 472 0         0.933         0.917         1.852         2.000        -0.798
 334 2 2 330 340 0         0.927         0.931         1.859         2.000        -0.817
 335 2 2 332 340 0         0.933         0.922         1.857         2.000        -0.780
 336 2 2 331 332 0         0.934         0.922         1.857         2.000        -0.759
 337 2 2 364 472 0         0.925         0.915         1.842         2.000        -0.757
 338 2 2 331 364 0         0.908         0.943         1.858         2.000        -0.772
 339 1 4 310 311 343 342 0         0.939         0.946         0.933         0.926         3.876         0.000         1.505
 340 1 4 334 335 345 347 0         0.931         0.922         0.938         0.940         3.846         0.000         1.575
 341 1 4 204 208 345 344 0         0.938         0.939         0.935         0.932         3.853         0.000         1.512
 342 2 2 339 481 0         0.926         0.922         1.849         2.000        -0.769
 343 2 1 339 0         0.933         0.941         2.005        -0.405
 344 2 1 341 0         0.932         0.941         2.005        -0.379
 345 2 2 340 341 0         0.938         0.935         1.877         2.000        -0.811
 346 2 2 481 371 0         0.930         0.947         1.893         2.000        -0.776
 347 2 2 340 371 0         0.940         0.913         1.858         2.000        -0.749
 348 1 4 319 320 352 351 0         0.919         0.943         0.919         0.932         3.853         0.000         1.528
 349 1 2 354 356 0         0.942         0.944         2.052         0.984         0.825
 350 1 4 213 217 354 353 0         0.937         0.923         0.936         0.926         3.889         0.000         1.507
 351 2 2 348 490 0         0.932         0.937         1.873         2.000        -0.804
 352 2 2 348 358 0         0.919         0.942         1.862         2.000        -0.742
 353 2 2 350 358 0         0.926         0.635         1.564         2.000        -0.557
 354 2 2 349 350 0         0.942         0.936         1.890         2.000        -0.711
 355 2 2 380 490 0         0.932         0.938         1.876         2.000        -0.765
 356 2 2 349 380 0         0.944         0.915         1.868         2.000        -0.652
 357 1 4 328 329 360 359 0         0.923         0.952         0.943         0.950         3.833         0.000         1.713
 358 1 4 352 353 361 363 0         0.942         0.635         0.930         0.923         3.537         0.000         1.254
 359 2 2 357 499 0         0.950         0.930         1.889         2.000        -0.842
 360 2 2 357 365 0         0.943         0.929         1.888         2.000        -0.731
 361 2 1 358 0         0.930         0.932         2.005        -0.377
 362 2 2 389 499 0         0.931         0.935         1.875         2.000        -0.784
 363 2 2 358 389 0         0.923         0.949         1.881         2.000        -0.695
 364 1 4 337 338 367 366 0         0.925         0.943         0.914         0.931         3.817         0.000         1.539
 365 1 2 360 370 0         0.929         0.935         1.959         1.000         0.829
 366 2 2 364 508 0         0.931         0.916         1.859         2.000        -0.740
 367 2 2 364 372 0         0.914         0.938         1.859         2.000        -0.762
 368 2 1 372 0         0.939         0.949         2.004        -0.509
 369 2 2 398 508 0         0.946         0.920         1.869         2.000        -0.820
 370 2 2 365 398 0         0.935         0.937         1.877         2.000        -0.714
 371 1 4 346 347 375 374 0         0.947         0.913         0.924         0.940         3.872         0.000         1.501
 372 1 4 367 368 377 379 0         0.938         0.939         0.931         0.934         3.879         0.000         1.494
 373 1 4 235 239 376 377 0         0.928         0.914         0.946         0.939         3.866         0.000         1.472
 374 2 2 371 517 0         0.940         0.937         1.889         2.000        -0.762
 375 2 1 371 0         0.924         0.935         2.005        -0.347
 376 2 1 373 0         0.946         0.955         2.004        -0.387
 377 2 2 372 373 0         0.931         0.939         1.876         2.000        -0.791
 378 2 2 407 517 0         0.937         0.932         1.877         2.000        -0.769
 379 2 2 372 407 0         0.934         0.898         1.835         2.000        -0.741
 380 1 4 355 356 384 383 0         0.932         0.915         0.927         0.876         3.756         0.000         1.295
 381 1 3 411 412 414 0         0.920         0.947         0.932         2.945         0.004         1.033
 382 1 4 244 248 385 386 0         0.942         0.942         0.943         0.913         3.817         0.000         1.383
 383 2 2 380 526 0         0.876         0.933         1.813         2.000        -0.708
 384 2 1 380 0         0.927         0.930         2.005        -0.335
 385 2 2 382 390 0         0.943         0.944         1.900         2.000        -0.803
 386 2 2 248 382 0         0.948         0.913         1.861         2.000        -0.288
 387 2 2 390 526 0         0.932         0.933         1.869         2.000        -0.801
 388 2 0 0         0.173         2.833        -0.014
 389 1 4 362 363 393 392 0         0.931         0.949         0.944         0.555         3.597         0.000         1.369
 390 1 4 385 387 397 280 0         0.944         0.932         0.949         0.937         3.871         0.000         1.575
 391 1 4 252 256 394 395 0         0.923         0.937         0.942         0.928         3.795         0.000         1.262
 392 2 2 389 535 0         0.555         0.936         1.491         2.000        -0.534
 393 2 2 389 399 0         0.944         0.921         1.866         2.000        -0.765
 394 2 2 391 399 0         0.942         0.928         1.877         2.000        -0.707
 395 2 1 391 0         0.928         0.931         2.005        -0.318
 396 2 1 535 0         0.930         0.931         2.005        -0.368
 397 2 1 390 0         0.949         0.959         2.004        -0.424
 398 1 4 369 370 402 401 0         0.946         0.937         0.935         0.924         3.862         0.000         1.594
 399 1 4 393 394 406 404 0         0.921         0.928         0.930         0.938         3.892         0.000         1.437
 400 1 4 261 265 403 404 0         0.918         0.929         0.915         0.941         3.845         0.000         1.500
 401 2 2 398 544 0         0.924         0.938         1.870         2.000        -0.801
 402 2 2 398 408 0         0.935         0.930         1.872         2.000        -0.788
 403 2 2 400 408 0         0.915         0.942         1.868         2.000        -0.748
 404 2 2 399 400 0         0.938         0.941         1.886         2.000        -0.773
 405 2 1 544 0         0.926         0.933         2.005        -0.359
 406 2 1 399 0         0.930         0.937         2.005        -0.363
 407 1 4 378 379 411 410 0         0.937         0.898         0.927         0.920         3.875         0.000         1.443
 408 1 4 402 403 413 415 0         0.930         0.942         0.936         0.930         3.853         0.000         1.466
 409 1 4 270 274 413 412 0         0.937         0.939         0.926         0.923         3.921         0.000         1.425
 410 2 2 407 553 0         0.920         0.922         1.845         2.000        -0.734
 411 2 2 381 407 0         0.920         0.927         1.853         2.000        -0.686
 412 2 2 381 409 0         0.947         0.923         1.881         2.000        -0.674
 413 2 2 408 409 0         0.936         0.926         1.877         2.000        -0.731
 414 2 1 381 0         0.932         0.939         2.005        -0.314
 415 2 1 408 0         0.930         0.932         2.005        -0.357
 416 1 4 423 425 3 419 0         0.941         0.745         0.442         0.934         3.247         0.000         0.781
 417 1 4 420 422 424 425 0         0.933         0.946         0.926         0.720         3.689         0.000         0.991
 418 1 3 279 283 422 0         0.940         0.920         0.930         3.008         0.002         1.079
 419 2 2 3 416 0         0.921         0.934         1.930         2.000        -0.634
 420 2 1 417 0         0.933         1.039         2.001        -0.376
 421 2 2 425 426 0         0.943         0.940         1.909         2.000        -0.621
 422 2 2 417 418 0         0.946         0.930         1.880         2.000        -0.694
 423 2 3 416 452 2 0         0.941         0.611         0.431         1.984         2.000        -0.635
 424 2 2 417 452 0         0.926         0.931         1.858         2.000        -0.733
 425 1 4 416 417 421 525 0         0.745         0.720         0.943         0.650         3.514         0.000         0.417
 426 1 3 421 431 433 0         0.940         0.944         0.931         3.379         0.000         1.074
 427 1 4 292 430 431 465 0         0.940         0.927         0.931         0.392         3.783         0.000         1.213
 428 2 1 12 0         0.926         0.934         2.005        -0.352
 429 2 1 435 0         0.950         0.965         2.003        -0.354
 430 2 2 427 435 0         0.927         0.936         1.881         2.000        -0.697
 431 2 2 426 427 0         0.944         0.931         1.891         2.000        -0.669
 432 2 2 461 12 0         0.938         0.935         1.879         2.000        -0.749
 433 2 2 426 461 0         0.931         0.932         1.944         2.000        -0.739
 434 1 0 0         0.000         2.000         0.139
 435 1 4 429 430 440 442 0         0.950         0.936         0.940         0.931         3.868         0.000         1.540
 436 1 4 297 301 439 440 0         0.920         0.937         0.922         0.921         3.794         0.000         1.467
 437 2 1 21 0         0.939         0.959         2.004        -0.358
 438 2 1 444 0         0.928         0.936         2.005        -0.355
 439 2 2 436 444 0         0.922         0.935         1.858         2.000        -0.746
 440 2 2 435 436 0         0.940         0.921         1.867         2.000        -0.750
 441 2 2 470 21 0         0.929         0.935         1.873         2.000        -0.809
 442 2 2 435 470 0         0.931         0.904         1.855         2.000        -0.718
 443 1 0 0         0.000         2.000         0.134
 444 1 4 438 439 449 451 0         0.928         0.935         0.916         0.948         3.886         0.000         1.468
 445 1 4 306 310 448 449 0         0.925         0.910         0.942         0.944         3.821         0.000         1.365
 446 2 2 30 33 0         0.946         0.809         1.755         2.000        -0.308
 447 2 1 489 0         1.214         1.240         2.000        -0.430
 448 2 1 445 0         0.942         0.949         2.004        -0.372
 449 2 2 444 445 0         0.916         0.944         1.873         2.000        -0.715
 450 2 2 479 30 0         0.935         0.944         1.884         2.000        -0.771
 451 2 2 444 479 0         0.948         0.934         1.887         2.000        -0.816
 452 1 4 423 424 455 456 0         0.611         0.931         0.933         0.926         3.619         0.000         1.223
 453 1 2 458 460 0         0.948         0.923         2.011         0.999         0.790
 454 1 4 315 319 457 458 0         0.936         0.908         0.938         0.922         3.815         0.000         1.506
 455 2 2 39 452 0         0.910         0.933         1.844         2.000        -0.734
 456 2 2 452 462 0         0.926         0.929         1.855         2.000        -0.785
 457 2 2 454 462 0         0.938         0.941         1.885         2.000        -0.830
 458 2 2 453 454 0         0.948         0.922         1.877         2.000        -0.692
 459 2 2 39 488 0         0.919         0.937         1.861         2.000        -0.782
 460 2 2 453 488 0         0.923         0.936         1.869         2.000        -0.667
 461 1 4 432 433 464 465 0         0.938         0.932         0.936         0.628         3.750         0.000         1.319
 462 1 4 456 457 469 467 0         0.929         0.941         0.906         0.946         3.858         0.000         1.584
 463 1 4 324 328 466 467 0         0.924         0.943         0.929         0.928         3.840         0.000         1.600
 464 2 2 461 48 0         0.936         0.935         1.880         2.000        -0.780
 465 2 3 427 461 471 0         0.392         0.628         0.947         1.974         2.000        -0.752
 466 2 2 463 471 0         0.929         0.939         1.871         2.000        -0.819
 467 2 2 462 463 0         0.946         0.928         1.878         2.000        -0.848
 468 2 2 497 48 0         0.940         0.930         1.874         2.000        -0.826
 469 2 2 462 497 0         0.906         0.934         1.842         2.000        -0.788
 470 1 4 441 442 473 474 0         0.929         0.904         0.951         0.941         3.813         0.000         1.629
 471 1 4 465 466 476 478 0         0.947         0.939         0.934         0.912         3.841         0.000         1.579
 472 1 4 333 337 476 475 0         0.917         0.915         0.933         0.941         3.813         0.000         1.546
 473 2 2 56 470 0         0.923         0.951         1.882         2.000        -0.833
 474 2 2 470 480 0         0.941         0.936         1.884         2.000        -0.858
 475 2 2 472 480 0         0.941         0.935         1.883         2.000        -0.813
 476 2 2 471 472 0         0.934         0.933         1.872         2.000        -0.806
 477 2 2 56 506 0         0.943         0.925         1.871         2.000        -0.803
 478 2 2 471 506 0         0.912         0.934         1.849         2.000        -0.759
 479 1 4 450 451 482 483 0         0.935         0.934         0.931         0.926         3.892         0.000         1.472
 480 1 4 474 475 485 487 0         0.936         0.935         0.940         0.928         3.831         0.000         1.634
 481 1 4 342 346 485 484 0         0.922         0.930         0.931         0.933         3.822         0.000         1.450
 482 2 2 65 479 0         0.940         0.931         1.872         2.000        -0.780
 483 2 1 479 0         0.926         0.929         2.005        -0.379
 484 2 1 481 0         0.933         0.942         2.005        -0.371
 485 2 2 480 481 0         0.940         0.931         1.881         2.000        -0.796
 486 2 2 65 515 0         0.928         0.940         1.892         2.000        -0.740
 487 2 2 480 515 0         0.928         0.949         1.886         2.000        -0.832
 488 1 4 459 460 491 492 0         0.937         0.936         0.908         0.940         3.877         0.000         1.553
 489 1 3 447 494 496 0         1.214         0.923         0.924         3.126         0.000         1.105
 490 1 4 351 355 494 493 0         0.937         0.938         0.930         0.935         3.842         0.000         1.601
 491 2 2 74 488 0         0.927         0.908         1.839         2.000        -0.754
 492 2 2 488 498 0         0.940         0.942         1.889         2.000        -0.834
 493 2 2 490 498 0         0.935         0.945         1.888         2.000        -0.845
 494 2 2 489 490 0         0.923         0.930         1.876         2.000        -0.713
 495 2 2 74 524 0         0.892         0.941         1.840         2.000        -0.744
 496 2 2 489 524 0         0.924         0.937         1.880         2.000        -0.738
 497 1 4 468 469 500 501 0         0.940         0.934         0.939         0.921         3.815         0.000         1.642
 498 1 4 492 493 503 505 0         0.942         0.945         0.930         0.919         3.816         0.000         1.642
 499 1 4 359 362 503 502 0         0.930         0.935         0.923         0.920         3.831         0.000         1.571
 500 2 2 83 497 0         0.935         0.939         1.882         2.000        -0.824
 501 2 2 497 507 0         0.921         0.942         1.867         2.000        -0.815
 502 2 2 499 507 0         0.920         0.941         1.869         2.000        -0.805
 503 2 2 498 499 0         0.930         0.923         1.859         2.000        -0.772
 504 2 2 83 533 0         0.928         0.948         1.879         2.000        -0.866
 505 2 2 498 533 0         0.919         0.923         1.846         2.000        -0.786
 506 1 4 477 478 509 510 0         0.925         0.934         0.927         0.924         3.835         0.000         1.568
 507 1 4 501 502 512 514 0         0.942         0.941         0.927         0.935         3.844         0.000         1.635
 508 1 4 366 369 511 512 0         0.916         0.920         0.930         0.927         3.808         0.000         1.540
 509 2 2 92 506 0         0.936         0.927         1.864         2.000        -0.778
 510 2 2 506 516 0         0.924         0.940         1.870         2.000        -0.797
 511 2 2 508 516 0         0.930         0.947         1.886         2.000        -0.830
 512 2 2 507 508 0         0.927         0.927         1.855         2.000        -0.791
 513 2 2 92 542 0         0.933         0.938         1.878         2.000        -0.813
 514 2 2 507 542 0         0.935         0.934         1.874         2.000        -0.815
 515 1 4 486 487 518 519 0         0.940         0.949         0.901         0.948         3.826         0.000         1.533
 516 1 4 510 511 521 523 0         0.940         0.947         0.924         0.925         3.827         0.000         1.595
 517 1 4 374 378 520 521 0         0.937         0.932         0.944         0.916         3.832         0.000         1.485
 518 2 2 101 515 0         0.940         0.901         1.844         2.000        -0.742
 519 2 1 515 0         0.948         0.958         2.004        -0.385
 520 2 1 517 0         0.944         0.949         2.004        -0.400
 521 2 2 516 517 0         0.924         0.916         1.842         2.000        -0.757
 522 2 2 101 551 0         0.914         0.940         1.863         2.000        -0.757
 523 2 2 516 551 0         0.925         0.932         1.873         2.000        -0.800
 524 1 4 495 496 527 528 0         0.941         0.937         0.944         0.932         3.832         0.000         1.594
 525 1 4 530 531 532 425 0         0.923         0.937         0.949         0.650         3.523         0.000         1.103
 526 1 4 383 387 529 530 0         0.933         0.933         0.941         0.927         3.851         0.000         1.557
 527 2 2 110 524 0         0.935         0.944         1.914         2.000        -0.788
 528 2 2 524 534 0         0.932         0.939         1.880         2.000        -0.790
 529 2 2 526 534 0         0.941         0.909         1.862         2.000        -0.745
 530 2 2 525 526 0         0.923         0.927         1.858         2.000        -0.710
 531 2 2 110 525 0         0.922         0.937         1.861         2.000        -0.746
 532 2 1 525 0         0.949         1.075         2.001        -0.410
 533 1 4 504 505 536 537 0         0.948         0.923         0.940         0.939         3.838         0.000         1.675
 534 1 4 528 529 539 541 0         0.939         0.909         0.931         0.943         3.843         0.000         1.476
 535 1 4 392 396 538 539 0         0.936         0.930         0.938         0.943         3.859         0.000         1.451
 536 2 2 119 533 0         0.922         0.940         1.866         2.000        -0.762
 537 2 2 533 543 0         0.939         0.936         1.881         2.000        -0.839
 538 2 2 535 543 0         0.938         0.946         1.904         2.000        -0.819
 539 2 2 534 535 0         0.931         0.943         1.893         2.000        -0.713
 540 2 1 119 0         0.928         0.940         2.005        -0.310
 541 2 1 534 0         0.943         0.955         2.004        -0.364
 542 1 4 513 514 545 546 0         0.938         0.934         0.918         0.924         3.832         0.000         1.573
 543 1 4 537 538 550 548 0         0.936         0.946         0.953         0.945         3.866         0.000         1.679
 544 1 4 401 405 547 548 0         0.938         0.926         0.933         0.953         3.859         0.000         1.603
 545 2 2 542 128 0         0.918         0.941         1.874         2.000        -0.787
 546 2 2 542 552 0         0.924         0.931         1.864         2.000        -0.793
 547 2 2 544 552 0         0.933         0.954         1.898         2.000        -0.830
 548 2 2 543 544 0         0.945         0.953         1.912         2.000        -0.866
 549 2 1 128 0         0.951         0.982         2.003        -0.384
 550 2 1 543 0         0.953         0.968         2.003        -0.418
 551 1 4 522 523 554 555 0         0.940         0.932         0.933         0.933         3.811         0.000         1.595
 552 1 4 546 547 557 559 0         0.931         0.954         0.940         0.960         3.883         0.000         1.656
 553 1 4 410 557 555 556 0         0.922         0.938         0.938         0.931         3.809         0.000         1.500
 554 2 2 551 137 0         0.933         0.937         1.884         2.000        -0.775
 555 2 2 551 553 0         0.933         0.938         1.882         2.000        -0.793
 556 2 1 553 0         0.931         0.934         2.005        -0.391
 557 2 2 552 553 0         0.940         0.938         1.885         2.000        -0.795
 558 2 1 137 0         0.934         0.975         2.003        -0.348
 559 2 1 552 0         0.960         0.978         2.003        -0.435
