158
163
164
181
182
967
968
188
189
190
1196
1201
1205
1210
1380
1383
1520
1521
1623
1646
9841
1655
1657
9852
1665
9871
9873
9875
1753
1757
1766
1767
1664
1817
1818
1868
9876
1955
1956
9884
1971
1983
2207
2211
2272
2274
2276
2281
2285
2396
10617
1822
11517
11532
3532
3533
3537
3542
3544
3551
3561
3572
4516
4529
6250
5115
5133
5137
5145
5160
5456
5471
5472
5487
5490
5494
185
5707
5721
5931
5941
5948
5949
6204
6240
6254
6259
6326
6327
6416
6417
6429
6432
6454
6467
6530
6531
6534
6679
6680
6694
6699
6706
6711
6713
6745
6747
6765
6811
6824
6934
6945
6986
6996
7044
7079
7139
7232
7233
7500
7503
7683
7707
7714
7717
7729
7733
7738
7782
7806
7863
7918
7921
7922
7928
7937
7942
7981
7997
7998