61
90
91
92
93
99
100
101
421
669
673
676
681
682
683
821
823
825
908
909
913
936
937
940
1073
1076
1078
1139
1140
1143
1162
1165
1166
1169
1170
1174
1175
1176
1258
1259
1260
1364
1365
1366
1369
1508
1510
1514
1520
1522
1523
1524
1682
1687
1688
1696
1697
1698
1837
1839
1840
1841
1842
1974
1987
1988
2161
2177
2181
2182
2190
2349
2815
2816
2819
2821
2827
2828
2829
2931
2935
2936
2937
2940
2943
2960
2961
2962
2964
2966
2968
2969
2972
2974
3220
3221
3222
3225
3394
3395
3396
3399
3785
3788
3797
3804
3809
3818
3822
3843
3853
3855
3857
3862
3866
3878
3882
3886
4065
4067
4090
4091
4094
4103
4104
4120
4122
4123
4127
4131
4132
4143
4144
4317
4319
4320
4327
4334
4335
4339
4347
4348
4352
4363
4425
4426
4458
4749
4751
4753
4758
4767
4768
4794
4797
4809
4811
4812
4816
5199
5390
5394
5403
5404
5416
5438
5440
5442
5447
5456
5457
5880
5881
5896
6173
6174
6202
6203
6206
6207
6218
6436
6437
6438
6440
6447
6454
6455
6459
6467
6468
6483
6647
6649
6650
6652
6661
6666
6675
6680
6683
6684
6688
6695
6871
6874
6887
6888
6949
6960
7168
7179
7181
7182
7189
7196
7197
7201
7209
7225
7230
7236
7240
7242
7244
7249
7250
7254
7258
7274
7669
7671
7673
7674
7683
7694
7695
8993
8996
9007
9008
9023
9036
9064
9065
9069
9080
9089
9090
9105
9109
9118
9231
9239
9928
10151
10162
10164
10165
10169
10173
10174
10189
10200
10202
10203
10204
10213
10215
10217
10218
10222
10227
10238
10242
11370
11376
11383
11388
11392
11393
11670
11673
11697
11699
11701
11702
11706
11710
11737
11755
11759
12266
12267
12268
12270
12275
12277
12284
12285
12289
12293
12562
12566
12567
12578
12620
12631
12672
12684
12955
12956
12957
12959
12964
12966
12968
12973
12974
12978
12983
12994
12998
13114
13118
13119
13123
13125
13127
13132
13133
13141
13146
13149
13150
13161
13220
13224
13236
13238
13243
13248
13252
13255
13256
13259
13260
13267
13273
13274
13277
13292
13296
13353
13369
13537
13538
13540
13543
13549
13556
13569
13645
13647
13648
13658
13676
14346
14351
14360
14361
14373
14376
14665
14678
14679
14694
14813
14814
14828
14829
14833
14845
14857
14969
14973
14982
14983
14987
14988
14992
15181
15182
15192
15199
15209
15212
15213
15220
15221
15228
15326
15641
16199
16206
16207
16211
16717
16718
16719
16722
17393
17394
17397
17492
17495
17496
17507
17601
17613
17937
17938
17939
17941
17946
17948
17950
17955
17956
17960
17964
17965
18047
18054
18057
18061
18062
18066
18071
18082
18083
18086
18097
18131
18143
18188
18192
18626
18629
18635
18639
18653
18654
18657
18658
18662
18669
19195
19196
19199
19685
19689
19690
19691
19705
19709
19955
19969
19970
19974
19986
19987
19998
20430
20431
20432
20444
20446
20447
20451
20455
20603
20610
20630
20813
20815
20817
20827
20959
20961
20994
21011
21012
21015
21022
21029
21030
21034
21118
21120
21121
21131
21133
21135
21144
21148
21149
21153
21156
21157
21160
21164
21597
21598
21608
21625
21630
21633
21637
21641
21743