1 1 27.9856 17.1815 23.465
2 2 21.3298 19.1862 28.6451
3 2 20.0826 17.1926 27.6849
4 1 13.4848 21.9002 24.1077
5 2 20.7355 26.5415 30.4798
6 1 19.079 13.6005 21.8006
7 2 28.1071 18.4326 14.5745
8 1 18.6707 13.5084 26.7205
9 2 26.2672 13.1979 22.9326
10 1 13.3532 13.9728 26.7049
11 2 16.0093 13.4223 32.0916
12 1 12.2222 13.6494 19.8732
13 2 20.5057 23.9053 27.793
14 1 18.8445 18.5905 16.1489
15 2 19.8823 17.8164 21.9868
16 2 27.7405 24.7997 16.1619
17 2 18.0725 24.4549 21.7392
18 2 20.6834 14.02 31.0558
19 2 30.5332 28.1951 20.3575
20 2 19.8352 19.5302 26.4645
21 2 15.3334 15.048 19.1085
22 2 14.8704 24.4699 29.9472
23 1 19.3923 28.8187 25.0265
24 2 31.7822 30.5315 31.0732
25 2 15.1507 30.0286 22.559
26 2 15.7808 24.8744 20.4552
27 1 29.1255 32.8157 13.7262
28 2 24.8368 16.4423 28.2801
29 2 19.5037 13.1866 20.3652
30 2 32.7252 24.4947 32.6559
31 2 17.5998 17.0808 28.1221
32 2 20.6156 28.7 24.0654
33 1 28.3094 28.8209 17.7173
34 1 19.3082 14.1462 12.6187
35 2 16.7696 18.3935 19.5245
36 2 26.0423 27.801 13.7472
37 2 28.8622 23.0245 24.4122
38 2 21.5342 26.3366 27.7136
39 2 23.5561 12.5885 13.987
40 2 20.4846 12.091 29.814
41 2 27.0425 24.8821 12.0772
42 2 22.2894 18.2912 25.6932
43 2 21.3278 27.8412 21.8958
44 1 12.8812 12.8794 29.5177
45 2 21.7085 18.7912 23.3017
46 1 26.6437 18.3625 18.1819
47 2 31.8734 24.9535 23.9945
48 1 24.6849 27.3782 23.7827
49 2 25.4597 23.4307 25.7702
50 2 30.7301 23.4571 15.188
51 1 15.9372 12.6109 25.6293
52 2 32.0487 16.9578 18.0902
53 2 29.9637 23.2813 26.6786
54 2 30.1086 29.4776 26.3881
55 2 21.0755 19.3968 12.8331
56 1 24.0225 13.4668 29.4768
57 2 29.0538 23.5803 13.2695
58 2 18.4789 32.1842 16.5695
59 2 28.8352 31.3702 25.4456
60 1 16.6078 30.3844 21.9373
61 1 25.1396 18.0223 22.6416
62 2 28.3163 29.9667 16.6326
63 2 23.4177 27.5595 14.8912
64 1 24.5029 27.3244 13.6302
65 2 22.4181 28.0563 17.0663
66 2 20.4507 15.3974 15.8277
67 2 28.6284 20.2677 31.4943
68 2 14.5723 30.6944 30.8773
69 2 32.0492 16.9905 23.7131
70 2 31.877 24.0943 17.2299
71 1 13.9133 19.9688 17.7591
72 2 26.0217 28.345 20.5099
73 1 32.3311 27.4149 30.1778
74 2 29.3223 25.4226 23.9453
75 1 27.9352 30.4761 15.2133
76 2 32.3187 28.6013 18.5684
77 2 28.5945 16.0842 22.4338
78 2 20.0029 28.2662 26.387
79 2 17.1911 28.8885 22.2307
80 1 29.7748 13.0595 32.6126
81 2 30.6149 16.2221 25.4152
82 1 15.463 19.8344 22.9693
83 2 15.0564 23.6029 32.3259
84 2 17.8617 25.4013 13.593
85 2 26.5132 31.3341 14.9748
86 2 32.4161 22.1442 23.7805
87 1 32.5192 30.6644 23.9479
88 1 28.1537 20.3805 32.9242
89 2 20.6299 31.9249 15.2304
90 1 17.8357 17.4646 18.8059
91 1 29.7626 27.1202 21.1311
92 2 27.0199 26.5586 28.5687
93 2 29.3847 18.4189 26.1805
94 2 31.6922 19.5497 12.304
95 2 21.3478 20.6128 18.305
96 1 30.2135 30.9918 26.0305
97 2 25.1557 27.5462 30.1731
98 2 27.8006 18.4937 19.1964
99 2 22.9178 31.6293 27.982
100 2 29.2886 25.6691 20.4609
101 2 26.6015 20.4583 32.8537
102 1 17.0685 25.4955 21.2266
103 2 32.5392 14.6682 25.1276
104 2 21.0021 32.6474 20.6037
105 2 14.5758 17.2145 20.2321
106 1 20.6182 19.2194 22.2186
107 2 23.4843 16.3135 19.5333
108 2 22.5405 20.6041 30.3836
109 2 28.4011 22.9071 17.5932
110 2 20.0527 30.4077 30.7462
111 2 28.2766 27.3249 17.0793
112 2 23.7276 25.5474 32.7731
113 2 24.6982 12.7936 18.8891
114 1 25.9863 20.3818 28.4682
115 1 26.0498 20.8993 22.7121
116 2 24.4476 13.62 21.471
117 1 13.9498 18.751 28.9038
118 2 22.2353 24.2092 22.9955
119 2 22.5187 29.0012 27.3407
120 1 15.2784 18.6286 20.1826
121 2 23.09 19.3579 14.5786
122 2 27.0384 29.1672 18.5313
123 2 25.9116 13.3045 32.8935
124 1 13.6338 31.5882 31.7705
125 1 29.1018 22.3678 18.853
126 2 18.5964 16.9166 20.022
127 2 15.8253 25.9346 31.9308
128 2 21.7764 24.4665 25.7204
129 2 18.9716 12.455 27.7991
130 1 19.7214 16.5048 21.0544
131 1 25.3372 13.572 20.0901
132 2 16.55 32.1848 25.2494
133 2 29.7465 16.8911 32.3128
134 1 32.595 23.6339 24.3849
135 2 27.6789 20.8503 22.5232
136 1 14.5589 29.4875 24.022
137 1 19.172 12.9911 18.8375
138 2 28.6808 12.7592 16.9967
139 1 28.9644 22.2995 25.8557
140 2 18.9637 23.9102 17.3544
141 2 17.7838 13.7426 18.8172
142 1 21.655 24.8002 27.238
143 2 18.2291 28.0669 15.9242
144 2 15.2957 23.5762 14.5211
145 2 26.6707 30.1904 25.0929
146 1 28.0616 24.6743 20.6354
147 2 20.0816 24.6448 12.9916
148 2 18.5892 18.2274 31.8325
149 1 16.4949 32.8258 20.1331
150 1 21.1227 28.7749 20.6534
151 1 24.5093 32.1356 20.2618
152 2 19.749 15.556 13.2926
153 2 15.0686 13.7967 12.2077
154 2 22.4077 16.9008 27.8794
155 1 30.1354 13.3202 17.0694
156 2 28.5791 27.4497 26.6482
157 1 17.8622 31.4562 24.4952
158 1 24.2409 28.8141 30.405
159 1 19.4133 29.5755 29.4934
160 2 26.0582 12.6687 16.795
161 1 25.6858 29.3129 25.9081
162 2 32.6319 24.7612 15.1092
163 2 31.6752 19.1857 26.2874
164 2 19.1727 15.6872 29.632
165 2 21.6446 15.8138 17.9498
166 2 13.5294 13.7339 32.5749
167 2 15.4053 20.1758 17.1637
168 2 20.062 12.9218 22.8923
169 2 32.8028 27.2123 28.6491
170 1 17.3147 28.2898 17.1255
171 2 19.7093 25.4395 15.7231
172 2 13.5935 22.7326 25.4362
173 2 29.9415 17.8616 16.5606
174 2 32.3578 21.4256 21.4776
175 1 18.2922 20.8029 23.5858
176 2 13.1319 24.6932 14.2883
177 2 22.5189 32.1811 16.9213
178 2 24.867 25.9927 24.675
179 1 22.1059 26.7651 29.8488
180 2 22.8493 25.3267 30.1135
181 2 17.3546 21.8198 16.522
182 1 29.2709 16.8477 26.14
183 2 13.149 21.3796 17.889
184 2 28.2486 24.228 32.6113
185 2 13.6257 15.5949 26.6288
186 1 21.156 28.2515 27.444
187 2 22.2351 16.2425 24.2345
188 2 18.3492 30.28 28.6164
189 2 20.1341 13.6675 17.7885
190 1 18.5995 20.5105 26.571
191 2 25.3102 21.6106 21.5266
192 1 28.8346 32.9062 22.4875
193 2 21.376 24.8398 17.706
194 2 20.7788 28.1553 14.9299
195 1 15.1677 29.3694 30.1915
196 1 21.1263 14.6146 16.9857
197 2 15.0272 21.1004 32.8287
198 1 19.9256 25.2236 17.2522
199 2 28.958 20.8587 19.111
200 2 22.4308 29.9056 15.5222
201 2 24.5721 21.4269 14.0434
202 2 22.1419 21.3467 15.7407
203 1 28.4777 30.4984 32.5831
204 2 13.5371 24.2971 27.7498
205 2 23.7827 22.8282 30.2142
206 2 24.5782 30.1849 26.7214
207 1 19.0122 31.6006 15.249
208 2 15.5996 21.958 12.4668
209 2 17.2284 20.1604 31.7197
210 1 31.5482 15.6443 24.3283
211 2 17.5469 19.5872 27.1483
212 1 24.6316 17.1844 12.3024
213 2 27.1028 16.6142 29.2232
214 2 30.6861 21.475 13.6795
215 2 25.6575 15.1291 19.7647
216 2 28.3169 23.3381 19.8047
217 2 24.7016 15.7077 12.036
218 1 30.7381 26.1267 23.872
219 1 15.7363 24.4642 31.3015
220 2 14.7241 13.3155 26.221
221 2 18.8224 14.9522 27.2536
222 2 32.5829 20.247 14.6566
223 2 29.6466 20.8465 25.9673
224 1 12.9306 18.9667 24.3628
225 1 32.0269 20.7608 13.3286
226 2 29.3548 15.2929 13.3245
227 1 31.9732 20.9073 22.9153
228 2 31.913 23.4589 30.5626
229 2 19.0544 32.4945 24.5055
230 2 31.9146 19.2233 17.0047
231 2 13.0754 18.8077 17.1798
232 2 18.6106 28.612 13.3703
233 2 30.2064 25.9161 15.926
234 2 14.1629 27.8312 16.854
235 1 25.7455 24.9074 25.3862
236 1 27.1045 18.6734 13.3511
237 2 30.5038 20.501 22.9253
238 1 31.3058 24.6911 15.8794
239 2 21.1257 16.4283 20.3544
240 2 28.9876 31.5701 14.7121
241 1 12.3175 12.4708 17.0753
242 1 21.0475 20.7561 16.7713
243 1 28.9816 20.1191 29.5065
244 2 20.0894 19.4927 16.3965
245 2 14.8622 21.2017 23.5131
246 2 24.0253 14.4136 24.0754
247 2 25.9828 21.183 24.248
248 1 27.4079 12.5911 22.0094
249 1 25.5768 21.2379 17.4599
250 2 28.4197 22.3183 15.197
251 2 30.3499 27.3247 24.7885
252 1 17.6761 28.6307 12.0584
253 1 22.5212 24.9141 18.7732
254 1 19.1165 23.5976 22.5226
255 1 16.0478 19.9604 32.8446
256 1 31.4191 23.597 27.1894
257 2 25.0805 25.0017 29.3204
258 2 19.506 20.1439 22.8686
259 1 19.1002 24.785 14.2634
260 2 15.7464 28.4293 24.224
261 2 31.8302 22.6131 28.3064
262 2 23.2406 15.2004 26.3481
263 1 26.0436 32.5623 14.0029
264 2 19.4391 15.1393 21.8713
265 2 18.7926 23.417 14.9254
266 2 19.423 31.9353 32.7865
267 2 22.2595 13.8645 16.1917
268 2 32.0436 30.8574 22.4003
269 2 22.2193 28.5613 19.6075
270 2 21.1826 19.6924 20.83
271 1 21.7413 31.7925 21.641
272 2 26.5678 20.1226 13.2756
273 2 26.3324 22.3687 16.6411
274 1 12.4231 23.62 13.3127
275 1 28.9904 19.9667 22.5459
276 1 18.6419 23.7981 31.024
277 2 16.9511 20.0752 23.2845
278 2 26.4441 17.2929 23.1891
279 2 26.8922 24.5882 24.2669
280 2 18.4181 20.9158 25.0857
281 2 12.9118 12.6505 20.7348
282 2 21.6244 17.1597 14.2534
283 1 12.0635 13.0261 32.4009
284 2 15.4273 18.8296 28.322
285 1 25.9962 26.2013 29.8522
286 2 24.5682 28.493 18.6185
287 1 12.9222 27.4722 30.6074
288 2 27.0908 17.0944 32.5559
289 2 18.7933 28.1384 30.0018
290 1 16.9637 18.5905 28.2288
291 2 29.2257 19.3712 21.1392
292 2 28.2966 16.7425 24.942
293 1 28.5783 26.2124 15.9535
294 2 22.9471 22.5119 21.19
295 2 19.1528 30.0636 15.1795
296 1 22.0683 31.4999 15.5841
297 2 28.2799 26.8652 14.509
298 1 16.9812 30.5477 28.0615
299 2 32.9376 21.8226 12.6392
300 2 19.8789 16.2069 32.0466
301 1 22.0448 16.7195 19.1382
302 2 17.362 31.2101 22.999
303 2 19.1847 23.7353 32.4634
304 2 14.5923 30.8223 24.7798
305 2 12.939 19.9777 28.7081
306 1 22.1961 18.5241 13.5858
307 2 24.5011 20.6363 16.4746
308 2 28.6541 18.6392 23.3404
309 2 13.1952 17.6028 28.1168
310 2 28.8772 18.2071 29.4955
311 1 28.6103 16.6936 29.0825
312 2 14.3306 18.8487 23.4904
313 1 28.3303 24.2741 23.643
314 2 16.0906 29.5039 28.9483
315 2 28.2382 27.5996 21.5016
316 1 14.6486 25.018 14.7392
317 2 31.5176 12.3686 20.0214
318 1 12.7982 23.3933 26.6507
319 1 22.2633 28.3558 15.5551
320 2 15.3956 19.5857 21.4407
321 1 23.4909 15.8575 27.7396
322 2 25.371 30.7541 19.8795
323 2 31.1504 30.5289 20.0518
324 2 19.7323 28.2561 20.2076
325 2 26.3066 19.8354 17.8321
326 1 27.4299 25.5451 32.4283
327 2 28.8494 32.0381 32.8639
328 1 12.3226 30.1311 12.7812
329 2 27.9547 29.2612 14.2775
330 2 19.4422 13.2742 25.3373
331 2 12.0951 30.8087 14.1808
332 2 16.7456 26.4517 22.4874
333 2 26.8933 25.6805 20.7125
334 2 24.7514 29.2173 31.836
335 1 21.1611 20.3218 29.7113
336 2 18.473 30.1505 25.0133
337 1 25.784 21.4628 12.9958
338 2 29.4156 12.1887 31.3315
339 1 27.6256 27.9468 13.6053
340 2 30.3329 21.5137 29.9587
341 1 16.7759 25.7544 12.5578
342 1 13.4562 24.6774 29.3147
343 2 13.7748 23.5658 19.1594
344 1 12.4612 17.3826 17.0869
345 2 13.3127 24.7739 21.1625
346 2 25.0214 20.8721 29.5434
347 1 23.9896 21.3179 30.6047
348 1 20.282 16.3409 14.5204
349 1 17.4422 12.9972 32.3341
350 2 12.4241 32.0074 30.8363
351 1 31.1899 13.8761 19.7699
352 1 23.6449 20.7435 15.1044
353 1 24.0639 22.032 20.051
354 1 14.795 26.5112 17.3503
355 2 15.6571 31.1798 13.4191
356 1 32.8399 20.1906 16.2026
357 2 29.2401 30.0751 31.3716
358 1 12.0909 31.0301 15.7435
359 1 32.812 24.5837 31.1631
360 2 21.3445 24.9377 32.9175
361 2 31.3712 31.1104 24.9637
362 2 18.955 23.1506 29.6261
363 2 26.9142 25.8678 31.0338
364 1 24.6898 13.4166 23.036
365 2 14.237 13.5259 30.2442
366 2 19.8505 20.0459 30.6343
367 2 32.6589 20.9139 30.4384
368 2 13.833 12.7904 16.7509
369 2 13.8199 27.1661 31.8491
370 1 31.7966 22.0359 29.7859
371 2 13.3118 22.3485 13.6899
372 2 18.9309 21.8416 27.4
373 2 12.9754 26.1482 29.6952
374 1 30.52 29.9383 30.333
375 2 14.9538 15.8782 31.5993
376 2 13.3016 16.5166 18.1207
377 1 23.0763 27.9046 18.4782
378 2 17.7527 26.4334 20.1903
379 2 14.3115 19.4789 19.2299
380 2 12.4713 23.9065 30.1815
381 2 31.0855 12.2231 16.7009
382 2 22.0489 24.7128 20.2382
383 1 30.1754 19.661 26.7206
384 1 22.2817 26.021 32.4221
385 2 23.9171 17.9955 23.5954
386 2 31.16 28.4989 30.2044
387 2 23.182 27.6318 23.4343
388 2 13.2739 28.5126 24.2777
389 2 19.5501 26.1913 18.41
390 2 17.2997 16.1469 18.0965
391 2 32.629 21.6476 16.8636
392 2 27.5348 32.9299 13.4357
393 2 23.4025 14.7318 28.8369
394 2 15.6258 28.5371 31.4244
395 1 13.6645 14.4529 12.0617
396 2 28.4742 16.1904 15.3853
397 1 20.4666 30.9241 32.184
398 2 23.5173 23.7323 18.9206
399 2 18.1576 28.2638 18.4676
400 2 14.8139 12.4573 22.1707
401 1 16.3195 12.5922 22.5667
402 1 22.0023 19.7437 19.5129
403 2 22.0342 18.3324 18.8714
404 2 24.8597 32.0696 13.0024
405 2 15.6108 21.0538 14.8168
406 2 22.8828 28.0739 30.3861
407 2 15.4766 25.8499 13.5216
408 2 20.5772 29.0761 28.594
409 2 29.8631 19.9863 28.2469
410 2 17.7951 14.0131 12.2509
411 2 25.8278 27.1269 22.7177
412 1 25.9946 21.8597 25.7154
413 2 25.0184 21.9553 18.7148
414 2 13.2034 18.064 25.5751
415 2 18.6487 17.9626 17.6033
416 1 28.6003 17.6354 15.8817
417 2 13.2711 15.3347 13.4131
418 2 18.43 22.2391 23.0522
419 1 18.907 27.2244 19.3738
420 2 28.1673 26.812 32.961
421 2 17.9972 32.0125 14.1324
422 1 18.9107 16.2315 28.1798
423 1 22.5353 17.8897 24.2556
424 2 25.5668 20.9456 26.947
425 1 14.6407 29.3067 16.3381
426 2 21.1764 30.3395 21.1155
427 1 14.0699 15.9675 19.422
428 2 29.0491 16.4518 27.6184
429 1 28.9483 14.8357 14.736
430 1 16.637 32.3436 13.3894
431 1 14.9777 32.2701 25.2071
432 2 26.4049 28.3977 26.8972
433 2 30.7476 14.9268 23.2409
434 1 27.2022 27.049 27.1219
435 2 25.1125 18.5584 32.8383
436 2 32.2112 23.3807 25.8207
437 2 13.4308 30.3646 16.3519
438 2 31.8155 25.1431 27.3925
439 2 25.3629 17.3511 30.6904
440 1 21.1783 18.2523 27.3702
441 2 19.3678 17.5265 15.0608
442 2 12.666 16.6961 15.6687
443 2 25.5275 19.4958 22.5482
444 2 23.6167 27.9052 12.512
445 2 28.1361 24.08 22.0995
446 1 30.3697 15.7745 31.317
447 2 15.3736 18.5219 32.5539
448 1 14.7282 14.2178 31.6176
449 2 26.9964 22.5261 12.8153
450 2 21.7339 13.6474 24.8191
451 1 26.6882 27.2516 21.3909
452 2 16.269 29.0419 12.4381
453 2 30.682 26.7468 22.3539
454 2 29.9251 32.1739 21.5418
455 2 29.8431 32.2559 12.4552
456 2 26.5427 25.8511 26.3469
457 2 19.9617 21.7602 16.4692
458 1 21.6321 27.6771 23.3871
459 2 12.8122 22.7831 22.9089
460 2 17.5297 13.522 22.1163
461 1 24.6736 14.2416 32.461
462 2 24.9908 15.7377 32.7417
463 2 13.2899 17.394 32.6848
464 2 17.5363 19.4149 15.8351
465 2 23.2314 17.8664 12.5759
466 2 22.8008 31.9736 14.2381
467 2 32.2744 32.7218 20.5861
468 1 30.0311 27.937 26.1955
469 2 24.6612 12.6247 28.3148
470 1 18.6764 22.6186 16.3985
471 2 29.5664 15.8032 29.9682
472 2 12.8065 20.5261 24.3708
473 2 16.551 31.9952 28.6494
474 1 16.4256 20.5676 16.0628
475 2 14.176 18.2001 30.3907
476 1 15.1886 29.664 13.3504
477 2 20.8082 21.5797 28.8093
478 2 16.1741 12.6841 24.1103
479 2 25.0193 28.4998 24.7994
480 1 18.3776 19.4272 30.8583
481 2 25.482 17.5334 18.8372
482 1 21.4469 12.6719 30.9392
483 2 17.6858 19.1016 29.5061
484 2 19.6308 12.8995 13.5316
485 2 32.4534 14.7614 19.5975
486 1 21.9702 23.6686 21.4827
487 1 29.8098 32.373 28.7109
488 2 24.4423 21.0559 32.012
489 2 18.6163 25.3464 30.6459
490 1 22.7711 14.912 24.9321
491 2 27.9417 31.871 23.3751
492 1 27.4401 12.646 16.0471
493 2 12.7286 13.6581 28.1074
494 1 12.842 17.0054 26.7176
495 2 14.2602 32.6651 26.5592
496 1 19.1787 26.8408 30.7983
497 2 24.0287 32.6428 18.8657
498 2 14.6137 32.7669 31.9967
499 2 26.7786 12.9804 20.6053
500 2 25.8542 17.7212 13.298
501 2 28.4514 28.219 12.2876
502 2 23.2035 26.2766 18.7193
503 2 24.9801 17.182 21.3552
504 1 23.2143 32.221 32.8575
505 1 23.7089 24.1841 29.4253
506 2 19.8436 24.1969 23.7991
507 1 25.7433 17.4221 29.1428
508 1 14.3294 24.8402 19.9247
509 2 23.3814 20.5847 19.8643
510 2 23.3115 31.902 21.2354
511 2 27.5003 20.6331 28.9895
512 2 17.2163 13.2231 26.3743
513 1 32.058 22.6325 17.9587
514 2 30.2578 14.6334 20.8842
515 2 29.9612 14.4833 32.0882
516 2 21.8398 31.6365 32.2551
517 1 12.6941 22.6844 18.5309
518 1 19.2125 28.5714 14.8334
519 2 27.3781 17.8085 16.8726
520 2 21.2442 26.2792 23.8892
521 2 32.1552 25.9536 30.8092
522 2 13.7337 29.5705 12.8171
523 2 13.8065 28.514 29.8117
524 2 12.1693 32.5966 15.9413
525 1 29.0424 19.3271 19.6508
526 2 28.6737 13.5054 22.4249
527 2 16.2211 13.8858 16.9521
528 1 19.417 14.9746 30.9796
529 2 18.3211 27.8675 24.3179
530 2 25.891 18.8481 28.4604
531 2 22.8876 24.2191 28.0038
532 1 31.3447 31.568 21.2025
533 2 30.2023 32.025 27.204
534 2 30.4545 13.9596 18.4328
535 2 17.1167 23.6849 31.2417
536 2 15.2037 29.1508 14.844
537 2 16.3333 27.0331 17.223
538 2 30.6485 22.4955 18.6397
539 1 27.6158 23.2283 16.3329
540 1 14.5127 17.4816 31.7306
541 2 18.2002 14.093 31.493
542 1 15.041 22.1605 13.9142
543 1 16.9795 27.6981 23.4257
544 2 24.1519 29.7808 29.235
545 1 29.5417 14.8504 22.1897
546 1 24.969 16.5858 19.8865
547 2 32.7052 19.5296 23.1779
548 2 19.402 27.4483 32.2965
549 2 16.1168 29.4295 17.0118
550 1 30.9676 29.2135 19.2507
551 2 14.6693 25.4477 16.2169
552 2 14.2604 25.8624 18.6691
553 1 23.3752 31.7164 12.7937
554 2 20.4504 23.3314 21.7297
555 2 21.1805 32.3622 22.9895
556 2 24.6489 13.9014 30.9389
557 1 20.5307 12.7473 24.4036
558 1 12.3175 24.1445 22.2179
559 2 24.7855 25.8762 12.9773
560 2 12.0174 22.289 27.6059
561 1 32.502 26.5635 27.234
562 2 12.9858 14.9824 19.9711
563 2 12.0528 13.0016 18.5061
564 1 23.4747 30.1665 27.8169
565 2 31.1793 27.3754 27.1229
566 1 15.3736 12.5253 16.5564
567 2 27.4993 22.043 26.1276
568 2 30.3201 18.8197 18.9297
569 1 31.004 18.1697 17.6822
570 2 26.3396 32.6729 25.2444
571 1 25.703 29.3064 19.2786
572 2 29.7066 29.0458 18.3782
573 2 12.4189 13.6215 25.6015
574 2 23.1163 30.2844 12.2553
575 2 16.3942 31.3208 20.7207
576 1 25.5777 17.173 32.248
577 2 30.0933 30.9897 29.3535
578 1 21.3423 24.7633 24.1691
579 2 30.0784 14.3436 15.8167
580 1 19.7917 22.6736 28.3783
581 2 27.8744 13.771 15.07
582 1 12.1777 16.1632 14.2443
583 1 22.7556 12.6325 15.3348
584 2 31.8848 15.4088 31.216
585 1 27.9629 23.5921 12.1226
586 2 28.4123 32.9572 29.0414
587 1 15.2737 27.3603 32.4458
588 2 26.8755 30.4638 32.3956
589 1 29.7684 22.6093 14.3172
590 2 22.7437 12.7435 30.0152
591 1 27.3829 31.5645 24.8264
592 1 16.6565 14.6863 18.2586