1 2 27.026 7.66478 35.7074
2 2 4.64068 30.6391 20.8012
3 2 25.3401 12.0431 29.2737
4 1 14.2166 13.026 12.6494
5 2 10.1527 7.19418 6.14883
6 1 29.3287 33.5951 8.20454
7 2 29.919 7.31 23.7284
8 1 27.2325 10.373 14.804
9 2 25.7996 5.24471 11.3359
10 2 36.459 17.5516 13.4051
11 2 35.4269 9.33154 21.4578
12 1 32.1028 15.5618 23.7565
13 2 36.1452 10.1205 25.7831
14 1 5.97809 22.2015 24.7781
15 2 11.4921 15.7781 18.1315
16 2 35.3202 28.8002 35.6207
17 1 15.4197 10.6071 4.81668
18 1 12.2151 19.9746 34.6666
19 2 16.1152 25.339 30.8541
20 2 16.4736 31.7038 20.1857
21 2 8.7832 25.2687 9.59987
22 1 8.81595 24.4892 19.9705
23 2 12.3816 19.6149 15.4628
24 1 18.305 30.0885 31.0931
25 1 11.4328 5.06682 29.5829
26 2 29.574 32.0498 7.56436
27 1 32.0242 29.2424 6.99454
28 2 28.4003 24.5368 12.9126
29 1 27.9502 8.04855 36.9581
30 2 7.01617 20.784 32.3876
31 2 8.12403 21.9343 16.3376
32 1 4.62081 20.1253 9.76875
33 1 9.02338 6.16176 9.78893
34 2 5.05631 30.3221 11.5409
35 1 12.4269 24.6376 13.1974
36 2 21.2228 36.4281 17.2752
37 2 18.2719 18.3378 25.3819
38 2 30.9289 13.3499 31.071
39 2 36.2069 11.1788 5.61538
40 2 25.5563 36.0528 8.06851
41 2 28.9615 10.2224 18.3556
42 2 25.1778 24.1767 25.2472
43 1 30.8231 27.3541 31.2011
44 2 15.14 16.1 22.9113
45 1 6.36915 11.2097 13.6065
46 2 9.26757 11.9931 16.6138
47 1 34.4366 11.4935 30.9239
48 2 35.7315 15.6197 36.3011
49 2 18.0116 9.84202 34.2755
50 1 24.6268 29.1766 35.3335
51 2 13.788 4.79427 35.7299
52 1 4.70985 9.16074 26.4654
53 2 14.5997 8.70173 11.8043
54 2 8.48766 18.3828 21.5172
55 1 18.8888 17.1347 24.5457
56 2 9.25373 20.9388 31.3969
57 2 29.5833 32.6626 23.8924
58 1 17.6937 25.1951 30.8269
59 2 25.2001 32.4739 28.4806
60 1 13.5208 11.208 9.17513
61 2 13.6716 15.3935 9.1296
62 2 23.6708 5.96096 22.635
63 1 25.2961 21.0107 5.66895
64 2 32.4055 35.0568 11.5569
65 1 5.10961 20.9591 4.34115
66 2 12.3635 35.3567 5.86991
67 2 4.44221 11.7592 20.9176
68 2 9.71085 8.93987 19.4837
69 2 7.357 34.3002 36.8987
70 1 26.5551 13.2848 22.6348
71 2 19.4152 33.6248 31.1775
72 2 28.3298 36.2896 35.343
73 2 7.44065 33.4544 32.544
74 2 32.6938 23.9681 4.96578
75 1 32.7526 27.5744 18.6011
76 1 36.9844 13.0361 31.1378
77 1 33.1716 14.901 27.6462
78 1 28.8585 24.8514 16.9558
79 2 9.32917 20.3863 36.9692
80 2 15.8039 24.5974 8.22543
81 1 18.8599 29.7311 17.2976
82 2 28.4439 30.2617 16.9665
83 2 20.9908 15.8551 13.5418
84 1 15.7599 25.3903 35.8917
85 2 27.6635 9.13466 27.4113
86 1 16.2721 5.28848 12.3473
87 2 12.8736 19.1018 19.263
88 1 32.487 30.7424 27.4406
89 2 15.691 21.2821 28.0024
90 1 9.71554 25.2741 14.7991
91 2 6.37704 12.0462 27.8778
92 2 33.2182 23.2813 19.7269
93 1 28.3736 10.7112 22.4914
94 2 28.1885 19.6463 13.0663
95 1 18.8296 12.3792 13.6481
96 2 17.9245 7.51098 33.9366
97 1 5.6614 30.5077 33.4115
98 1 26.152 8.02647 34.544
99 1 16.8931 30.4375 6.42255
100 2 12.5995 27.0739 36.8015
101 1 13.4914 24.9511 34.0206
102 2 13.1776 26.4473 34.571
103 2 18.7685 17.8914 10.1224
104 2 31.8604 33.2984 17.5586
105 1 25.6433 35.7365 21.7965
106 2 10.7428 36.2921 12.8925
107 2 21.0824 19.9598 31.6452
108 1 29.7069 29.5874 11.6716
109 2 9.98521 5.56514 30.0177
110 2 13.5423 5.71843 8.03092
111 2 5.77535 7.81045 12.7071
112 2 24.8926 34.3394 30.0684
113 1 29.8594 36.4944 35.5407
114 2 33.3752 32.6999 15.3522
115 1 34.5059 25.688 16.9674
116 2 32.7591 31.9395 26.4273
117 1 14.7518 18.9294 8.88225
118 2 10.9178 20.6095 8.81427
119 1 32.9269 15.2072 12.9204
120 2 34.6979 17.5731 15.4297
121 2 13.0416 6.96935 22.9105
122 1 13.7596 12.8298 25.2376
123 2 13.546 11.6231 19.5714
124 2 11.9406 21.1632 13.4001
125 1 11.9853 19.9799 9.74228
126 2 23.7158 12.2503 11.2298
127 1 14.5783 5.54574 36.8049
128 1 23.4846 13.1043 26.344
129 1 24.4585 17.5606 13.3452
130 2 20.451 14.3453 11.5355
131 2 23.702 30.3426 34.8043
132 2 23.2561 30.8646 31.2296
133 2 29.8785 8.34892 11.1345
134 1 28.6399 23.145 12.3527
135 2 9.26632 22.5593 26.0777
136 2 8.13981 34.1086 6.46549
137 1 33.3454 31.0127 30.3783
138 2 15.9785 5.01057 36.5633
139 1 15.0174 17.2513 36.7247
140 1 27.0004 16.4609 7.6164
141 2 21.5425 9.38404 12.7975
142 2 7.9538 4.0744 20.0343
143 2 4.01959 26.9095 26.3973
144 2 21.0042 25.0318 12.3006
145 1 12.038 14.4998 6.01389
146 2 24.8847 24.8374 27.6909
147 1 9.07166 6.22923 6.74175
148 2 17.3661 6.2927 5.39345
149 2 36.5036 31.7524 32.5599
150 1 36.0413 34.1202 25.3905
151 2 24.7851 12.5531 8.7816
152 2 17.0668 20.2368 6.14518
153 2 21.0093 6.72454 18.1341
154 2 30.9367 21.2842 24.3933
155 2 22.2505 16.9992 23.3109
156 1 17.842 19.3492 26.4764
157 2 10.1641 27.8528 36.5897
158 1 8.86744 33.087 32.1694
159 2 28.6718 29.758 8.66103
160 1 17.1247 17.8355 10.6206
161 2 13.9718 25.3992 18.9706
162 2 25.5822 28.0296 25.4733
163 1 23.3288 23.1907 31.223
164 1 11.7686 5.46656 11.1015
165 2 10.1789 16.3811 10.591
166 1 11.0404 12.857 8.55851
167 2 14.0844 8.01401 7.20173
168 2 17.0909 25.4085 35.0711
169 1 13.6216 27.5217 35.7546
170 2 18.8961 31.2218 31.9651
171 2 4.60072 19.029 14.6484
172 1 8.64335 6.31553 30.1265
173 2 30.5426 32.7942 36.8846
174 1 30.3487 33.9989 24.0916
175 2 16.3578 20.2449 34.9029
176 2 30.5112 20.1319 13.5048
177 1 17.9949 19.2438 5.39528
178 2 12.6907 17.1571 16.4531
179 2 18.971 10.6153 24.6474
180 1 16.2922 13.0221 34.516
181 2 18.6341 19.1408 35.0923
182 2 12.4546 19.1805 31.1696
183 2 29.4476 15.0853 4.66205
184 2 26.4609 4.42897 13.601
185 2 34.3773 31.6183 5.48021
186 2 32.0554 36.8377 21.7721
187 1 35.2245 32.4954 32.0935
188 2 9.51454 4.71582 6.55461
189 2 6.28121 15.4812 6.69745
190 2 15.9345 18.6947 9.94662
191 2 23.6678 28.8346 4.05799
192 2 34.431 35.2321 29.4719
193 2 10.46 17.9597 12.4598
194 2 16.0866 16.1881 16.9526
195 1 21.2058 25.0988 8.89146
196 2 17.3315 23.5002 16.7283
197 2 30.9147 4.48191 27.5703
198 2 22.9155 19.6065 8.08283
199 1 25.71 5.98058 5.54384
200 2 23.7804 15.0367 5.56581
201 2 14.2733 23.0316 4.15524
202 2 4.62361 28.0562 20.2483
203 2 9.21572 8.78325 15.4362
204 2 19.1 4.86307 9.89134
205 2 29.5642 21.1286 33.2231
206 1 23.7725 16.1315 19.2778
207 2 29.7768 8.33735 16.7267
208 2 5.58757 4.12124 28.6539
209 1 16.1905 35.2364 19.169
210 2 8.75286 33.7586 28.4489
211 2 11.2908 12.4696 23.2262
212 2 32.0407 23.7804 22.2644
213 2 11.2175 18.6696 10.2962
214 2 28.8237 24.7634 18.5186
215 2 27.0347 30.4929 18.947
216 2 33.199 34.8335 33.3113
217 1 13.5038 5.07847 31.8357
218 1 31.0624 10.1938 7.72174
219 2 19.4893 7.68074 28.6678
220 1 18.7226 11.2263 34.5031
221 2 6.97344 10.7536 35.675
222 2 34.7753 7.3399 28.7042
223 1 19.4032 31.3744 8.02439
224 2 20.6008 27.3449 29.3161
225 1 26.0449 31.6867 18.9637
226 2 22.8986 7.96212 18.6589
227 2 13.44 15.9369 24.6879
228 1 9.32825 22.2476 15.4241
229 2 20.1453 25.7255 9.95464
230 2 12.2854 35.7666 28.6396
231 2 10.5058 29.3285 16.0675
232 1 12.2536 32.9611 23.7547
233 2 10.7816 26.892 24.5379
234 2 30.3526 14.7188 20.0211
235 2 19.5894 22.3619 10.5632
236 2 30.8253 8.70498 32.1557
237 1 35.0056 10.6346 11.4412
238 2 34.2957 8.24834 17.4288
239 2 5.07355 36.6681 30.9736
240 2 29.5689 25.2917 33.8622
241 1 22.1808 36.8251 36.8654
242 2 27.5364 31.6834 35.0191
243 2 33.4917 4.21563 5.96683
244 2 20.81 30.9617 7.35292
245 1 19.7275 25.6297 11.563
246 2 32.8813 27.9345 7.6151
247 2 31.8651 28.3522 31.8535
248 1 36.0894 9.76486 6.42979
249 2 19.0121 11.3313 9.94961
250 2 34.2358 24.0864 17.3326
251 2 19.0408 11.3999 14.8087
252 1 33.359 6.5927 28.7159
253 2 13.3585 11.5794 22.095
254 2 12.3273 4.57229 9.89348
255 2 17.6197 5.09729 24.8408
256 2 8.75352 26.8056 23.3656
257 2 23.8357 35.6321 6.17745
258 2 9.11453 31.2483 10.3078
259 2 8.09937 10.0841 9.04627
260 1 14.4265 14.0661 9.72276
261 2 13.0289 11.6971 24.4584
262 1 26.5933 26.2927 10.278
263 2 28.0822 35.7855 17.5825
264 1 27.55 29.153 9.63938
265 2 26.2263 20.6799 14.4438
266 2 20.997 5.26702 14.7081
267 2 6.9976 23.5907 10.115
268 1 30.1816 28.4001 19.8283
269 2 30.2971 21.2126 17.043
270 1 6.11534 27.0363 11.9116
271 2 24.9209 24.3036 15.7624
272 2 16.9849 16.8659 21.3707
273 1 10.0038 26.072 31.1591
274 1 19.2573 15.1946 28.4277
275 2 22.4267 12.3005 18.2986
276 1 8.19832 18.3948 6.93361
277 2 24.4647 19.704 6.03467
278 1 20.9516 14.4141 12.9682
279 2 6.81511 24.718 7.95054
280 2 8.52607 20.635 9.52768
281 2 34.5513 5.27346 34.8476
282 2 12.6069 14.0098 32.997
283 1 8.64477 9.13837 28.7892
284 2 27.1151 18.0924 27.1618
285 2 9.72756 35.8336 29.2089
286 2 35.6908 26.2814 17.8283
287 1 30.7476 22.3498 25.5125
288 2 32.0701 27.1979 27.2053
289 1 30.7962 36.7078 22.6426
290 2 36.9014 26.7721 10.6482
291 2 35.4826 26.8722 8.27913
292 2 25.1918 21.0251 35.5166
293 1 18.8505 34.9169 30.4483
294 2 28.6046 9.01447 31.6391
295 2 31.4739 12.5927 35.865
296 1 18.4408 36.9504 20.2826
297 2 14.6818 34.846 14.5424
298 1 7.22355 27.1198 14.7152
299 2 9.93046 27.792 17.9902
300 1 7.84689 29.0095 20.1333
301 2 16.2399 30.1956 27.6331
302 2 16.6864 31.1937 5.03657
303 2 25.7178 34.0546 12.7389
304 1 30.4695 16.5684 11.7325
305 1 15.763 6.80635 28.6097
306 2 4.98492 16.7493 8.2367
307 2 19.5365 25.5645 20.3571
308 1 5.54601 27.097 19.4087
309 2 7.84714 34.5125 20.9625
310 1 32.1052 4.7581 26.6198
311 2 25.7976 5.06853 16.1633
312 2 10.53 34.349 7.5106
313 2 14.6186 35.7621 4.65314
314 2 17.1188 35.6686 4.67186
315 1 11.6604 35.3672 7.23431
316 2 15.1379 21.9887 6.1745
317 2 6.45189 28.3877 11.1076
318 1 4.57552 17.5713 36.1055
319 2 32.9533 21.3482 10.3906
320 1 26.9922 20.6825 13.112
321 2 32.0547 31.7928 30.9496
322 2 34.7477 13.8988 9.83355
323 1 19.7564 24.1102 19.7681
324 2 11.1991 7.19098 33.823
325 2 17.0421 21.5501 30.1197
326 1 28.4782 11.179 19.431
327 2 20.3312 11.3673 19.224
328 1 6.01504 33.562 33.2187
329 2 4.38721 6.37524 22.1868
330 1 30.8954 13.7513 25.8656
331 2 33.8303 21.6841 17.9762
332 2 25.7787 10.9791 7.17532
333 2 11.1928 20.7824 4.3525
334 2 32.0343 34.8564 15.751
335 2 27.4296 16.2151 32.73
336 2 21.5458 5.17116 31.8517
337 1 14.7925 11.2212 27.5937
338 2 15.6193 19.1677 18.6595
339 2 27.8266 12.3694 8.23773
340 2 29.6673 32.3572 17.49
341 1 19.2136 25.1067 6.60161
342 2 24.8871 13.8962 12.4418
343 1 22.0804 27.1451 29.7455
344 2 24.0312 33.3205 16.4361
345 1 7.7446 35.9934 9.97002
346 1 32.2204 16.4248 30.2478
347 2 32.9992 15.6988 29.0547
348 2 14.7952 14.8238 29.5004
349 1 6.61794 13.1329 26.7209
350 2 8.98421 33.1872 25.913
351 2 20.8204 11.4206 21.6174
352 1 17.2707 15.0703 9.35066
353 2 18.5198 9.66606 16.6074
354 1 11.533 15.1412 32.5238
355 2 9.86717 9.94189 29.2754
356 2 11.2933 13.514 7.09618
357 1 25.6587 6.69477 10.5712
358 2 10.8048 27.0356 22.1076
359 1 11.374 19.613 28.1002
360 2 20.2131 13.8453 21.3315
361 2 36.7181 28.7959 9.05488
362 1 25.9178 24.5636 26.5423
363 2 30.9862 29.6269 20.3099
364 2 7.6024 29.1709 27.421
365 1 11.1182 36.6722 25.5502
366 2 14.1856 8.18938 25.0281
367 1 17.7995 6.53922 20.7464
368 2 10.8411 36.7181 7.09619
369 1 7.82287 32.6383 14.6621
370 2 7.30457 34.2014 18.5113
371 2 24.4028 13.2386 32.2241
372 2 20.8812 9.92644 15.3512
373 2 4.3328 36.4714 23.8187
374 1 4.05042 33.557 5.02408
375 2 23.3518 8.13552 21.155
376 2 15.4952 27.2407 23.7184
377 1 4.66191 26.4308 16.5644
378 2 9.69939 14.752 19.383
379 2 21.7042 14.7862 35.761
380 1 10.7802 32.6051 18.5274
381 2 4.19026 32.6266 12.3559
382 1 8.04025 33.0438 27.2422
383 2 6.9391 27.8774 19.5367
384 1 8.24081 11.5233 8.49304
385 2 6.44763 20.188 15.4978
386 2 29.7099 16.1555 33.6389
387 2 5.65414 8.08302 25.864
388 2 8.47369 12.6026 35.2753
389 1 22.2442 24.0737 12.3473
390 2 34.0158 34.3116 17.3712
391 1 12.2624 36.6861 12.4764
392 1 29.7782 9.71833 10.4379
393 2 4.5249 33.1772 27.1142
394 2 10.3459 31.2757 17.8551
395 2 24.7673 18.2467 11.9621
396 2 5.03109 23.3885 11.8208
397 2 8.70773 14.3884 10.6429
398 1 33.8861 26.7699 7.93067
399 1 23.4409 7.93378 6.47551
400 2 20.883 11.4987 4.42822
401 2 19.4647 5.61734 33.1869
402 1 19.6682 9.20577 24.8711
403 2 27.0084 7.98112 33.2384
404 2 32.2446 20.2422 33.2067
405 2 12.4405 32.9556 22.199
406 2 15.1601 13.3857 33.4111
407 1 7.37724 11.7592 34.6023
408 2 14.5063 12.2264 28.739
409 2 15.8026 16.6593 31.3891
410 2 13.2729 25.644 12.3904
411 1 22.1407 30.4328 20.98
412 2 18.0684 30.0745 18.572
413 2 33.5109 25.7134 6.86956
414 2 17.6643 8.42345 6.85707
415 1 31.2952 35.9457 14.951
416 2 24.7006 35.3287 26.8734
417 2 36.9499 31.1953 17.6894
418 1 8.18725 28.6461 7.73419
419 2 8.64753 30.0709 8.21251
420 1 16.1676 35.7249 8.36047
421 2 19.3036 24.398 5.18292
422 2 30.301 4.15602 14.1131
423 2 31.84 12.0311 33.2109
424 1 30.4994 17.3736 34.2293
425 2 33.1891 5.36789 27.6308
426 2 12.1398 22.1291 24.5489
427 1 12.1304 19.3149 22.9939
428 2 8.81875 16.2326 17.814
429 2 33.4237 35.8407 19.8529
430 1 5.34481 34.4281 26.6739
431 2 5.81876 22.7072 15.4862
432 2 18.3708 5.5586 35.5319
433 1 16.2085 4.72195 24.2677
434 2 22.451 13.2391 22.4819
435 2 19.967 27.4183 21.8379
436 1 29.4978 18.9483 13.587
437 2 22.445 23.1965 13.6669
438 2 28.0973 9.22465 22.9598
439 1 36.435 23.2885 34.9586
440 1 4.78723 34.9762 23.7098
441 2 21.335 18.3611 9.60423
442 1 18.3067 22.9361 11.153
443 2 16.1182 26.4705 6.79024
444 2 27.8816 32.1827 22.0775
445 2 36.1477 25.0444 26.2078
446 2 5.43748 17.1818 34.8994
447 1 24.3113 11.5237 9.95806
448 2 20.879 4.90216 8.33639
449 2 31.078 22.33 14.88
450 1 36.9101 8.2255 11.7456
451 2 33.6282 5.92847 10.8511
452 1 32.4598 36.5357 12.2022
453 2 25.329 13.1219 6.24907
454 2 17.3729 34.7678 8.04633
455 2 18.6648 6.25889 7.68174
456 1 14.0572 23.0062 5.6872
457 2 23.3794 19.2357 34.9274
458 1 27.8265 27.2237 31.4999
459 1 30.1865 32.5344 10.8431
460 2 28.9887 28.626 18.9089
461 2 12.7459 19.149 28.7657
462 1 14.876 15.3524 24.2305
463 2 24.5072 17.4186 18.6377
464 2 7.69451 10.395 13.8625
465 2 23.9019 15.2951 22.95
466 1 32.9655 8.74555 18.1783
467 2 7.48304 26.8205 28.1292
468 1 7.64145 27.7406 26.842
469 2 6.61111 16.7154 25.6445
470 2 33.1931 24.8181 33.3211
471 2 27.5406 14.3511 19.1984
472 1 29.8528 23.8142 29.6454
473 2 31.0419 12.2032 25.5415
474 2 19.7064 31.0139 17.1315
475 2 32.0657 25.6398 23.9448
476 2 30.2774 30.8643 10.7698
477 2 23.1069 31.0732 21.9797
478 2 7.64401 31.6747 27.8498
479 2 16.6498 32.9006 22.3396
480 2 11.3836 16.2229 26.0594
481 1 8.85481 23.233 24.7377
482 2 10.1686 35.2486 15.1259
483 1 21.081 22.3521 10.1618
484 2 16.429 20.1446 22.1783
485 2 36.7802 15.5154 34.0397
486 2 12.5244 13.5955 29.3327
487 2 6.37263 14.5474 22.8937
488 2 14.182 9.77345 27.3027
489 2 11.9944 5.79556 17.4991
490 1 22.7925 5.84677 28.6993
491 2 8.50803 19.8352 7.35712
492 2 20.2634 12.3208 6.65816
493 1 25.8921 9.71924 6.24007
494 2 14.5407 13.7668 24.2584
495 1 24.2481 18.8619 18.0288
496 2 11.7782 7.91158 15.6827
497 1 11.2481 21.9207 5.46415
498 2 14.1394 20.8794 25.949
499 1 5.36932 11.2369 16.4804
500 2 14.7053 22.0133 22.3252
501 2 10.882 25.0697 13.7239
502 1 17.2735 23.6671 26.1273
503 2 9.91636 22.7743 28.563
504 2 25.2231 8.3525 26.7138
505 2 29.2543 6.85302 32.6822
506 2 26.3316 21.1624 4.50485
507 1 24.9854 19.9448 15.2478
508 2 16.057 6.5537 7.57835
509 1 20.039 17.423 9.27861
510 2 6.91617 30.211 20.3267
511 2 33.7376 19.3789 17.0289
512 1 31.8417 14.8006 20.6923
513 2 29.7953 27.327 20.9175
514 2 22.7096 25.9025 28.7537
515 2 4.82654 29.6368 34.5563
516 2 33.8219 18.1078 32.8313
517 1 10.373 17.1874 13.8991
518 2 23.4779 19.7828 10.5732
519 2 22.6753 18.4937 17.5837
520 1 17.5807 8.41553 16.8793
521 2 4.93167 14.0726 5.07524
522 2 16.1001 4.92448 16.1079
523 2 29.989 8.27583 27.2095
524 1 8.23225 10.4008 5.66869
525 2 6.36284 14.0837 11.2774
526 2 21.6409 21.2164 4.30705
527 2 8.92214 13.5423 23.2048
528 1 10.0796 16.1935 18.8009
529 2 11.6055 22.69 21.6594
530 2 14.232 12.6732 8.89887
531 1 27.9623 23.7183 9.3767
532 2 28.0763 33.802 7.31555
533 2 13.1789 36.5686 13.7941
534 2 7.72331 20.8473 11.8509
535 2 20.1582 11.214 33.8163
536 2 18.0778 36.7564 13.4255
537 1 7.90924 24.0873 8.94955
538 2 16.7501 36.9204 9.22183
539 2 13.3349 34.0152 24.4531
540 2 34.1434 33.8543 35.6213
541 1 31.3528 31.0237 20.7549
542 2 29.0588 30.0608 23.5189
543 2 25.9321 29.935 35.6237
544 1 19.1524 36.0577 36.6119
545 2 24.1226 21.8759 4.91694
546 2 13.8715 36.8149 33.4757
547 2 26.7444 25.8641 26.1699
548 2 18.7641 32.9993 26.1156
549 2 24.9356 27.0547 18.8659
550 1 25.2902 23.4354 19.3775
551 2 26.716 20.5819 27.8992
552 2 15.2021 20.1217 7.99425
553 1 15.8214 18.6473 13.3211
554 2 9.34094 23.8407 15.311
555 2 9.50487 33.2201 19.2714
556 2 19.4519 28.1328 17.3778
557 2 27.6297 22.1813 13.0658
558 1 24.3972 16.4205 5.96681
559 2 31.6193 17.3357 10.8955
560 1 9.12579 24.1421 33.4854
561 2 13.0767 30.0893 27.7256
562 2 25.9629 35.7527 10.6963
563 1 28.1598 21.7899 33.4268
564 2 20.4021 17.2978 24.9047
565 2 8.28324 7.53638 9.95034
566 2 6.70765 30.8019 9.65141
567 1 36.9382 34.8783 20.0599
568 2 35.5576 34.553 19.3498
569 2 29.6284 35.0101 27.487
570 2 34.8755 20.4605 32.8312
571 1 25.5185 18.6496 30.6471
572 2 33.13 14.6399 14.3477
573 2 10.045 15.4013 33.0271
574 2 31.9932 17.8485 15.8716
575 1 28.4963 14.1465 27.6451
576 2 35.7308 20.9564 16.4833
577 2 32.5419 8.62778 13.5353
578 2 32.1061 15.4259 22.1406
579 1 33.0956 25.4711 31.8973
580 2 34.0904 15.7544 26.6477
581 1 35.8103 34.6888 30.0122
582 2 35.8532 27.3433 21.4581
583 2 13.0094 26.4872 23.5203
584 1 27.8757 29.3928 18.1688
585 2 4.06335 23.7088 14.0893
586 1 9.23224 26.9536 21.8609
587 2 4.57781 26.839 12.1006
588 2 26.5907 25.8576 14.1447
589 1 29.7031 14.8037 16.1347
590 2 34.0702 10.4153 10.1248
591 2 29.7255 34.287 19.0395
592 2 27.391 35.8186 26.5668
593 1 30.6565 33.8368 27.9745
594 2 12.41 23.8414 34.3119
595 2 28.3391 23.1504 10.8298
596 1 32.3263 25.2189 5.96897
597 2 29.1756 30.3214 12.9433
598 1 21.2029 18.4611 31.7974
599 2 30.0046 21.5715 26.6638
600 2 27.5708 32.2969 13.2875
601 2 28.655 27.3793 22.9005
602 2 35.5279 12.5354 31.284
603 1 29.0691 17.8061 36.9145
604 2 7.53614 33.612 15.8577
605 2 29.2011 20.9932 6.81022
606 2 19.2345 29.8467 11.7553
607 1 19.2197 12.2393 24.8269
608 2 16.6082 21.0956 17.3871
609 2 11.0663 5.98725 21.3272
610 2 5.01443 9.74777 28.002
611 2 12.8047 13.1355 13.4269
612 1 14.991 25.5526 7.2113
613 2 23.4721 21.0925 21.374
614 1 9.9966 17.9138 10.95
615 2 11.0852 15.846 5.76308
616 1 15.1933 10.2248 11.5983
617 2 8.85065 21.693 14.0744
618 2 29.5875 18.4687 15.0685
619 1 15.7131 32.6534 36.1042
620 2 31.9432 16.9673 33.9994
621 2 33.8342 26.8539 31.7964
622 2 33.4 21.7551 21.8713
623 1 20.9532 12.8713 22.3039
624 2 25.2582 22.1017 20.1813
625 2 8.70212 6.75033 19.9663
626 2 13.1895 23.9534 17.1268
627 1 23.5953 20.0356 24.9793
628 2 11.994 16.6644 32.594
629 2 25.904 9.5628 34.8772
630 1 9.75117 16.1514 36.6261
631 2 9.5948 10.4152 31.6143
632 2 28.5182 25.7476 36.2732
633 2 34.8991 26.0485 15.5067
634 1 26.3589 31.4076 36.0225
635 2 19.1647 21.9095 28.6914
636 1 29.0937 36.6841 8.8279
637 2 15.8152 8.45907 34.6447
638 1 9.77864 7.5031 34.4637
639 2 20.7007 11.9104 30.3307
640 2 8.48182 34.2157 23.5453
641 1 30.8028 24.3661 8.47258
642 2 18.5643 23.9375 18.8312
643 2 13.765 19.892 34.4622
644 1 7.6491 19.9456 10.5893
645 2 8.86361 16.5297 13.8531
646 2 29.2697 24.2483 8.77374
647 1 20.186 30.8502 10.9429
648 2 21.6555 9.44864 34.6841
649 1 27.6973 16.7678 26.462
650 1 36.2096 17.4631 14.9612
651 2 24.3097 17.8647 22.4623
652 2 15.0287 18.2776 35.5496
653 2 32.8962 9.26566 22.2686
654 2 20.5674 25.2079 7.45678
655 2 16.6641 17.9616 12.1457
656 1 6.51131 21.558 16.2601
657 2 15.3797 27.5623 32.3872
658 1 22.6129 36.6597 5.85208
659 2 22.7109 11.7186 26.4755
660 2 34.019 9.70344 24.6264
661 2 31.058 7.70957 34.5688
662 2 22.4714 6.08088 20.1932
663 2 29.7194 20.9096 22.0995
664 2 18.4488 28.6117 28.4365
665 2 13.7007 29.1441 35.4321
666 1 20.4529 10.4708 20.4474
667 2 30.4787 9.29026 6.41322
668 2 36.9077 18.8227 15.4379
669 1 31.1447 6.44518 24.2335
670 2 33.6308 22.8567 28.1487
671 1 17.6705 17.7483 29.1577
672 1 30.6023 20.2997 23.2944
673 2 33.704 29.5342 30.9037
674 2 30.6207 28.2323 15.7764
675 1 25.8095 12.4236 7.58571
676 2 16.6599 27.0557 4.56971
677 2 23.2316 25.1063 11.7099
678 2 16.1439 33.1285 15.6383
679 2 14.4902 30.2575 13.6117
680 1 5.88486 6.11334 22.4302
681 2 27.4913 34.0959 35.2289
682 2 24.5494 27.7521 23.1311
683 1 25.9704 33.5004 29.4187
684 2 32.2244 26.0863 11.7109
685 1 33.6357 29.3184 13.8454
686 2 12.6298 13.8712 25.702
687 2 18.7577 6.29871 19.5797
688 2 17.8959 29.4365 16.0387
689 2 8.50484 27.7029 9.01019
690 1 6.85269 20.1197 26.9912
691 2 11.6656 10.3431 19.2324
692 1 10.2158 17.0261 26.8002
693 2 17.297 4.61419 11.4483
694 1 27.8109 21.3241 7.51839
695 1 11.2946 33.608 33.8549
696 2 30.2765 18.7308 33.4839
697 2 14.8874 26.7303 27.8574
698 1 7.71821 17.8457 25.2284
699 2 5.71514 7.13028 32.7527
700 2 34.336 33.8186 4.17014
701 1 14.4902 30.2404 34.6335
702 1 11.7717 7.19381 22.0324
703 2 18.9513 20.9262 22.0451
704 2 23.3819 4.96884 35.3374
705 1 32.8327 25.4201 10.411
706 1 7.31999 16.3545 14.1767
707 2 4.23869 21.6052 8.94742
708 2 32.8548 28.1741 35.6269
709 1 28.9351 24.5993 32.543
710 2 34.2334 34.0124 25.685
711 1 34.7171 32.2581 4.08593
712 2 29.3362 34.737 25.0876
713 2 12.9482 35.9001 11.1218
714 1 10.5453 31.1134 10.9928
715 2 17.7146 27.4937 20.7295
716 1 6.81883 30.3675 28.0045
717 2 25.2915 16.2157 13.2852
718 1 13.2148 27.8321 6.36659
719 2 36.7051 8.73963 27.8324
720 2 5.05608 23.4982 24.5682
721 1 7.41236 25.7921 35.4899
722 2 28.0186 15.879 6.59599
723 2 24.0209 29.7522 10.8112
724 2 9.69876 17.6982 36.2979
725 2 30.7867 19.8622 31.4271
726 2 33.651 13.4562 28.0378
727 2 9.49128 8.81528 24.8647
728 2 14.4236 17.5015 8.1797
729 2 31.6936 32.8272 10.7543
730 2 23.8861 10.3718 19.0044
731 1 27.1895 16.1739 23.5437
732 2 27.09 11.8081 19.1548
733 2 12.8849 6.60197 11.3716
734 2 15.6379 13.8825 15.945
735 1 29.1543 35.7282 18.6982
736 2 31.9379 36.4248 29.686
737 1 22.0314 35.5537 18.3242
738 2 16.0249 29.2297 19.3776
739 2 12.2046 5.27321 25.9117
740 2 34.1706 15.6779 34.0044
741 1 33.2711 16.6484 33.1648
742 2 25.9022 17.0714 34.5258
743 2 8.17848 15.8996 31.4663
744 1 13.1332 10.1451 31.8775
745 2 11.6708 21.4697 34.6129
746 2 36.4014 32.881 9.37515
747 2 26.8159 15.5839 11.4312
748 1 13.3269 32.1474 10.0987
749 2 22.9722 22.5089 15.9424
750 1 28.5061 12.7226 34.8694
751 2 28.7146 16.7957 23.3978
752 2 26.5697 6.76678 9.27258
753 1 27.0508 4.59654 26.7142
754 2 19.4902 34.7677 14.4962
755 1 6.84033 29.9812 15.7087
756 1 30.4591 10.9124 24.7087
757 2 5.52706 19.4394 4.64666
758 2 36.837 33.2991 26.454
759 1 29.9654 20.732 28.0001
760 2 34.5308 19.6391 21.3724
761 2 29.2753 12.9827 12.7343
762 1 36.9501 9.05373 21.628
763 1 5.86514 24.4212 20.7551
764 2 6.34021 27.7031 25.9267
765 2 16.3051 16.9126 28.9804
766 2 8.43776 36.3909 22.6756
767 1 19.9636 11.6708 8.09564
768 2 7.69867 6.89442 6.30011
769 1 20.0192 5.48158 31.7382
770 2 28.3434 30.2365 28.5637
771 1 4.74994 26.5632 30.7847
772 2 11.4749 18.9365 33.7175
773 1 9.16231 7.84967 26.0679
774 1 27.1412 35.4035 35.8757
775 2 31.1369 20.129 28.8419
776 2 11.1292 19.0118 17.6267
777 2 16.1371 17.9875 14.7548
778 1 11.0254 17.4152 6.16366
779 1 33.9713 10.5955 8.5343
780 2 17.1457 28.8982 6.30158
781 2 14.4733 24.4498 6.16393
782 1 31.5447 36.2756 4.47044
783 2 22.5576 36.2646 27.0272
784 1 14.3418 28.9574 14.4636
785 2 16.5758 24.8685 26.8605
786 2 25.0221 4.5647 5.81333
787 1 4.35935 34.0754 11.7539
788 2 6.59819 7.46511 22.1982
789 2 19.2155 33.0151 33.7336
790 1 23.8997 26.1902 19.7334
791 1 29.6659 4.53287 15.5409
792 2 4.37133 17.8101 28.8995
793 2 35.4704 8.83317 5.40588
794 2 29.1328 17.236 25.8564
795 1 31.6946 27.7654 36.6341
796 2 31.2104 16.8199 24.0479
797 2 19.98 8.44984 23.5541
798 1 23.6563 13.764 23.3439
799 2 16.6582 5.52301 20.7267
800 2 7.47774 8.68333 20.2751
801 2 18.6099 7.5754 17.6624
802 2 9.00679 25.628 21.0645
803 1 14.4383 30.0033 8.15911
804 2 5.00684 9.67173 16.7308
805 2 5.83117 14.0076 30.4841
806 2 16.1071 14.0794 18.5814
807 1 23.0732 16.9124 29.9468
808 2 28.2755 13.9078 33.9197
809 1 14.4175 7.30198 23.7229
810 2 19.2649 4.26854 31.0618
811 1 16.4329 28.5204 32.962
812 2 18.8487 35.0073 35.421
813 2 13.6259 29.107 7.15059
814 1 10.7035 20.6619 30.9763
815 2 25.3464 20.1696 30.9072
816 1 26.0218 16.727 33.0096
817 2 24.2958 17.8724 30.0397
818 2 28.3558 23.6872 29.0539
819 1 31.0178 21.6329 13.4705
820 2 31.1559 22.2074 20.6121
821 2 30.4449 29.575 7.13874
822 1 36.8453 27.2202 18.3452
823 2 15.2618 6.09844 24.2054
824 1 29.6382 4.97907 28.4262
825 2 31.9358 23.1919 17.4024
826 1 20.1698 14.4584 10.0002
827 2 30.0659 19.0815 24.1137
828 2 6.60044 12.2753 22.2739
829 1 15.5142 16.4661 21.397
830 2 11.1529 18.336 22.2261
831 2 21.1693 23.5682 9.17579
832 1 21.8038 17.2437 17.3038
833 2 8.35694 32.8759 8.61858
834 2 30.5091 35.0443 35.64
835 1 22.488 22.4586 26.5535
836 2 13.7168 19.5511 22.6608
837 2 15.3372 6.3443 11.6688
838 1 17.1912 27.3732 5.98785
839 2 12.0859 11.7971 9.23898
840 1 10.783 11.9375 16.0878
841 2 16.5602 20.0646 26.086
842 1 13.7263 23.6423 28.9431
843 2 22.7863 29.8445 19.6541
844 2 26.4292 22.2669 29.8079
845 1 31.38 26.358 28.3414
846 2 34.4729 20.7023 5.84314
847 2 34.7231 27.8126 27.5575
848 2 14.7581 19.9509 29.9867
849 1 25.3809 26.9957 33.2194
850 2 21.8727 17.5688 30.6535
851 2 24.1397 24.704 36.62
852 1 5.43281 15.7343 22.7395
853 2 6.87084 32.5098 20.097
854 2 6.36217 16.9068 22.2086
855 1 12.7157 11.1347 18.3321
856 2 13.2115 12.1963 36.8227
857 2 25.4879 31.3952 7.37476
858 1 33.5179 9.75913 14.0243
859 2 9.54274 8.97576 33.8963
860 2 18.0736 13.2582 25.3215
861 1 10.8257 23.3872 29.7107
862 2 10.1772 17.0284 20.0936
863 2 28.708 8.81557 4.91456
864 2 23.3801 6.3831 32.954
865 1 30.7464 8.69802 35.8286
866 2 4.24537 14.4773 12.3861
867 2 7.69728 13.9051 17.1038
868 2 32.2553 5.55901 4.06874
869 2 24.9591 12.6626 18.2882
870 2 25.3303 25.8007 34.2056
871 2 16.9425 34.4954 13.7163
872 2 15.9158 36.3847 6.97074
873 2 22.6355 7.31249 35.3283
874 2 22.9196 14.6826 33.2731
875 2 7.14903 9.2342 5.73909
876 1 5.64346 4.27765 27.1031
877 2 20.2732 17.6098 17.601
878 2 26.7049 8.60137 7.13575
879 1 22.2916 18.1575 34.5837
880 2 28.3449 23.2932 33.1872
881 1 17.1865 5.08702 4.33101
882 1 21.4169 10.8879 26.6016
883 2 17.427 20.4988 19.8544
884 2 25.8324 19.1459 9.91513
885 1 13.3795 9.2896 6.627
886 2 9.23237 27.9287 6.71996
887 2 18.1626 25.5575 22.5341
888 1 18.596 29.9556 24.0386
889 2 19.0717 28.7272 30.7133
890 2 18.6132 7.6875 26.0221
891 2 25.0225 13.1518 22.9473
892 2 32.8505 16.1041 31.7022
893 2 21.9596 22.3388 31.3854
894 1 24.0209 31.455 23.1445
895 2 27.893 15.5907 27.4171
896 1 36.8593 15.6801 23.9066
897 2 26.2367 7.63197 11.7542
898 2 24.1024 14.7188 35.7252
899 2 19.1414 23.2023 23.0728
900 2 8.10983 23.836 5.30951
901 2 30.6931 35.0351 4.01821
902 2 11.8785 32.3039 19.7435
903 1 11.8708 29.1946 28.1896
904 2 6.72251 36.056 5.7607
905 2 22.6926 12.7589 5.62074
906 2 16.7449 22.1667 7.96291
907 1 24.9181 19.5743 11.1089
908 2 31.6436 23.059 8.83056
909 1 21.5735 17.1066 14.3007
910 2 11.8564 8.27536 20.8221
911 2 30.7003 20.3603 4.64801
912 2 5.55772 34.78 12.3809
913 2 12.8905 29.077 15.1394
914 1 23.8775 23.6026 16.6215
915 2 30.4048 7.12524 4.96925
916 1 19.2644 14.8548 4.42342
917 2 27.8993 30.4086 6.51241
918 2 21.2233 21.0595 14.5887
919 1 14.376 11.4881 20.9415
920 2 28.8469 26.9442 14.0619
921 2 28.7643 14.0296 15.1744
922 2 36.1268 14.5607 11.923
923 2 16.9567 14.2867 35.1199
924 2 24.6793 22.4774 31.5538
925 2 14.7558 7.13843 36.5475
926 2 25.6478 35.4357 36.186
927 2 9.34549 16.0249 27.6193
928 2 9.72564 25.2943 32.5686
929 2 35.3092 12.1603 11.6861
930 2 20.5689 13.3158 9.03101
931 1 18.209 33.8438 34.6101
932 2 33.4713 23.9647 10.2129
933 2 10.3719 23.0813 4.95207
934 1 6.44489 18.1764 4.42896
935 2 28.8453 7.40191 7.16629
936 2 23.3026 4.50071 7.87624
937 2 26.188 25.9467 36.48
938 2 11.3975 4.41899 12.1721
939 2 7.98174 13.8146 20.9517
940 2 21.9522 25.8339 33.8824
941 1 19.7189 32.504 32.2824
942 2 24.1267 28.9008 36.7399
943 2 11.1158 10.1279 23.2352
944 2 19.7411 6.06058 24.1762
945 1 27.3147 7.33517 7.72995
946 1 20.2131 22.2311 34.8669
947 1 28.9149 35.6888 26.3098
948 2 12.2194 23.3674 12.3028
949 1 14.4362 26.086 24.086
950 2 11.847 31.6638 10.1261
951 1 24.792 36.892 19.0587
952 2 21.7239 35.842 15.0358
953 2 34.5365 36.5486 21.9853
954 2 10.1787 4.99842 19.112
955 2 7.87269 11.2751 6.96682
956 2 34.3938 5.48166 32.3614
957 2 23.1236 24.448 32.1416
958 1 20.2176 10.0451 4.16375
959 2 9.75056 11.924 8.4863
960 2 6.82575 17.7444 14.3248
961 1 26.7948 5.33319 14.8443
962 2 33.525 26.3934 9.40496
963 2 15.7302 5.30497 28.8537
964 2 18.6304 6.62296 22.0767
965 2 18.8715 32.6945 21.4029
966 1 15.82 28.7225 23.4314
967 2 26.4846 34.6077 28.4332
968 2 23.8711 11.365 16.5197
969 1 30.8131 7.16484 16.6206
970 2 29.4517 10.251 25.7507
971 2 22.8099 8.44372 7.82424
972 2 17.2865 21.8325 14.9384
973 2 30.3711 16.3112 6.69813
974 2 18.549 10.7895 7.53947
975 2 32.796 29.2914 15.1526
976 2 29.4953 5.73255 10.9144
977 2 33.3798 8.76081 19.7192
978 2 22.4372 29.4452 8.79856
979 2 22.811 29.8707 6.12933
980 2 22.7158 31.3995 17.4816
981 2 6.64319 27.1901 13.3237
982 1 10.7881 32.0818 13.8522
983 2 15.1527 24.2089 20.8833
984 2 8.38075 6.90624 33.8818
985 1 4.60842 11.8601 24.9161
986 2 6.17848 26.5744 30.2585
987 2 36.3409 23.7096 24.0965
988 2 18.2335 26.3566 30.0129
989 1 18.5102 17.1177 21.4528
990 2 8.56183 28.2175 21.2361
991 2 34.6385 12.9406 22.2141
992 2 18.3358 15.7384 24.8779
993 1 26.108 9.33374 27.7424
994 2 25.0308 18.5265 14.4498
995 2 7.70704 16.8847 33.6096
996 1 17.0661 8.72879 33.7664
997 2 12.5496 35.4929 8.54544
998 2 5.10105 33.5819 36.4903
999 2 5.381 33.713 5.93997
1000 2 21.3548 20.8971 9.60642
1001 1 22.5846 21.8002 14.5975
1002 2 12.4714 27.8347 11.8034
1003 2 19.9287 13.4787 13.6588
1004 1 20.8789 28.2673 22.7931
1005 2 21.9141 22.894 11.3681
1006 1 23.3413 34.6941 30.1785
1007 2 21.095 33.2444 15.6761
1008 2 5.06459 31.5331 18.7007
1009 1 6.47338 23.9357 11.5562
1010 2 9.59985 17.6777 6.64313
1011 1 30.7842 7.36801 33.074
1012 2 32.0543 6.75733 32.4141
1013 2 21.3546 6.88514 22.2381
1014 1 29.2347 14.0586 19.124
1015 2 29.535 14.1503 17.5767
1016 2 4.34884 16.4408 26.7462
1017 1 14.0695 27.4778 29.0074
1018 2 13.134 10.1927 7.94895
1019 1 30.0594 4.36138 10.3291
1020 2 28.2816 5.04571 15.1616
1021 2 4.89392 34.4073 32.5141
1022 2 29.5077 33.2088 31.471
1023 1 24.7534 31.2285 27.6624
1024 2 25.3117 29.4548 30.094
1025 1 36.1274 14.2167 19.2328
1026 2 32.7293 15.3817 19.5406
1027 2 20.3354 26.02 36.156
1028 1 4.82254 25.9664 33.8178
1029 2 12.3056 19.5569 24.6025
1030 2 27.5625 17.4733 36.5437
1031 2 33.0367 29.4577 26.8215
1032 2 34.9226 28.3909 14.19
1033 1 27.5416 33.9037 5.84041
1034 2 21.27 33.2968 4.39693
1035 2 27.1776 27.5563 9.49844
1036 1 23.1994 34.8733 27.0784
1037 2 13.4455 6.47047 32.5297
1038 2 22.7519 33.8431 26.0221
1039 1 16.7532 16.8718 15.6868
1040 2 4.06925 27.221 34.2594
1041 1 8.93778 16.4997 32.755
1042 2 6.07852 12.4255 34.0088
1043 1 11.1876 34.2947 15.8856
1044 1 5.91942 36.2408 29.1096
1045 2 7.2032 22.3885 30.5199
1046 2 32.0703 33.1597 34.8279
1047 2 35.4532 32.8583 13.7091
1048 1 4.62831 32.1167 36.8201
1049 2 19.5569 17.0449 7.77571
1050 1 34.3271 31.207 6.97624
1051 2 31.4038 15.5193 12.5083
1052 1 6.14772 34.685 36.0576
1053 1 29.6762 7.00439 11.8275
1054 2 29.7579 13.0287 9.73189
1055 2 5.50489 30.7346 27.0382
1056 1 11.3997 22.8919 35.1718
1057 2 10.9223 27.4979 31.2832
1058 1 32.5112 4.12223 4.74234
1059 1 34.1876 28.0074 34.8827
1060 2 36.2855 22.4122 5.43054
1061 2 5.67122 32.0273 33.4467
1062 2 7.5391 22.8446 28.0232
1063 2 9.87484 22.7534 23.5073
1064 1 23.556 24.6209 28.4569
1065 2 8.27089 20.6876 27.4124
1066 1 35.2905 21.4668 4.74519
1067 2 30.0949 18.739 17.4734
1068 2 28.7958 22.8101 20.3489
1069 2 22.8165 28.5665 29.8499
1070 1 29.1356 26.3432 21.8817
1071 1 24.4735 32.3019 8.2702
1072 2 33.0377 11.9484 31.1121
1073 1 33.0053 5.79457 31.7309
1074 2 24.329 6.24892 25.1526
1075 1 16.3424 14.0748 14.5236
1076 2 22.5213 16.1162 18.2348
1077 2 13.4744 19.603 9.46333
1078 1 10.1942 14.7938 10.8365
1079 2 12.1482 17.2962 7.36816
1080 2 36.9187 23.6642 36.4592
1081 2 16.747 10.2459 11.1749
1082 1 10.6537 8.5779 5.46617
1083 1 14.0389 8.32576 26.5632
1084 2 14.3453 4.07971 20.8731
1085 1 14.727 8.75653 18.0639
1086 2 8.06194 11.0662 33.4433
1087 1 8.75908 9.8362 32.8501
1088 2 14.5402 12.1395 26.414
1089 2 16.343 25.0439 18.682
1090 1 25.3138 27.8625 17.4952
1091 2 22.7769 5.97722 12.8956
1092 2 4.5976 11.4629 23.433
1093 2 9.96925 25.3763 6.0778
1094 1 9.53296 24.3676 4.98258
1095 2 14.2651 13.153 31.1753
1096 1 33.0716 4.69798 9.95281
1097 2 25.0382 6.9255 34.5216
1098 1 24.1761 5.30986 23.9555
1099 2 9.36237 14.731 36.1047
1100 2 20.5221 15.9677 9.70592
1101 1 24.0988 13.4643 5.29188
1102 2 15.1859 13.8656 13.536
1103 1 10.1354 26.2421 17.7323
1104 2 8.74468 27.2194 25.924
1105 2 22.3798 7.55807 5.35619
1106 1 29.334 15.1363 6.23216
1107 2 4.03364 8.44606 11.2229
1108 2 17.2352 34.6665 33.6647
1109 1 21.9471 17.4136 24.8016
1110 2 28.0287 25.6612 31.7745
1111 2 31.1631 26.8842 13.8561
1112 1 36.4292 20.9034 12.3774
1113 2 25.4287 31.4867 12.2858
1114 2 5.19879 26.4531 6.81521
1115 1 5.84811 29.6586 10.3802
1116 2 13.3134 33.68 9.95393
1117 2 34.0817 17.519 9.78736
1118 1 32.0802 27.7207 4.44461
1119 2 29.5089 13.8639 7.11948
1120 2 17.0055 16.362 10.1563
1121 1 11.4156 4.58746 18.258
1122 2 18.63 14.3955 9.80343
1123 2 21.8567 16.8637 15.7749
1124 1 23.7039 12.9483 12.7015
1125 2 15.6958 4.00596 13.0134
1126 1 23.1526 19.0476 6.62076
1127 2 5.21316 30.1461 31.9732
1128 1 8.70509 30.1071 33.1014
1129 1 28.0418 33.8141 31.567
1130 2 34.8933 36.5518 17.8677
1131 2 29.5975 10.9795 23.3411
1132 1 34.0527 15.7009 6.28929
1133 2 30.885 16.8912 4.48829
1134 2 5.78202 11.0205 15.0315
1135 2 6.19554 4.83878 21.5011
1136 1 12.7931 4.36487 8.41353
1137 2 13.1454 15.3398 6.78305
1138 2 21.8973 35.7925 22.2263
1139 2 32.1412 36.4073 13.7193
1140 1 12.3302 36.4923 33.3952
1141 2 32.5548 10.5388 14.9579
1142 1 5.81625 18.3541 29.3217
1143 2 11.3171 21.3639 19.1221
1144 1 5.97466 18.7261 15.2637
1145 2 18.8891 20.3262 13.6151
1146 1 26.9391 27.4584 26.1641
1147 2 27.6189 33.1838 32.8978
1148 2 10.5961 14.1583 12.2387
1149 2 4.05755 5.08482 32.753
1150 2 27.1199 18.0554 7.948
1151 1 8.00728 21.831 31.7827
1152 2 11.0852 22.1646 30.7725
1153 1 10.4473 13.7432 22.8699
1154 2 13.6109 11.4915 32.5954
1155 2 21.9302 7.62933 14.6653
1156 2 8.02341 5.02497 10.1619
1157 2 15.4304 12.6853 20.8522
1158 2 26.273 34.8682 5.9336
1159 2 32.6093 10.1361 7.84992
1160 2 33.4477 16.0498 24.3463
1161 1 22.0649 15.6828 27.3108
1162 2 32.6159 12.5276 16.1983
1163 2 15.1866 8.12116 22.5089
1164 1 18.3548 10.5838 11.1755
1165 1 18.9105 5.74842 25.4258
1166 1 21.7135 10.9433 34.292
1167 2 15.2989 29.2105 9.17521
1168 1 5.04266 27.3085 25.278
1169 2 8.11465 35.6853 13.4035
1170 2 36.8016 30.2678 34.3996
1171 1 33.4529 28.4509 31.9634
1172 2 22.3129 16.4151 25.9282
1173 2 5.18787 7.7269 5.63757
1174 2 30.1462 25.3974 22.6348
1175 1 31.4027 17.3125 5.96398
1176 2 16.4389 19.9925 13.5262
1177 1 31.1979 24.5181 23.311
1178 2 13.8765 36.7716 16.3921
1179 2 28.5524 10.6165 20.914
1180 1 14.6029 6.89234 8.12721
1181 2 12.6217 9.0902 32.8687
1182 2 35.9462 13.1141 27.8962
1183 2 27.1782 14.6379 23.126
1184 1 17.505 14.6863 25.7355
1185 2 7.93131 6.99554 25.644
1186 2 32.6665 28.5666 12.8092
1187 1 22.6482 32.8783 16.9646
1188 2 22.7752 14.3154 27.1709
1189 1 15.5663 8.59427 20.9675
1190 2 24.4374 9.14939 6.05897
1191 2 7.73893 7.49545 13.9464
1192 2 34.2179 14.5481 7.36723
1193 2 9.24311 17.5054 25.6095
1194 1 4.76572 20.4515 22.5503
1195 2 10.0238 14.0961 28.7798
1196 2 15.4351 12.2409 35.5314
1197 2 17.2531 35.2925 25.1569
1198 1 13.7453 35.0718 25.4771
1199 2 35.6531 30.3677 7.40686
1200 2 10.091 23.3866 34.4591
1201 2 5.53641 25.7343 20.0911
1202 1 17.0451 35.931 32.765
1203 2 23.8377 31.6199 26.4701
1204 2 7.65318 34.9553 11.1359
1205 1 4.54086 23.5929 15.5271
1206 1 6.53138 6.62902 13.3511
1207 1 34.0258 4.81299 36.2361
1208 2 17.4863 36.0189 19.4218
1209 1 15.2251 23.5115 22.3229
1210 2 14.8818 27.7128 11.0798
1211 2 23.3398 9.65996 14.7459
1212 1 23.825 11.6688 18.0396
1213 2 6.93376 31.3396 15.0037
1214 1 30.591 20.2234 6.23509
1215 2 11.0097 33.6276 35.4356
1216 1 11.7282 27.3366 23.4045
1217 2 7.3398 22.7566 24.4538
1218 1 6.55052 7.94811 6.37547
1219 2 22.8267 36.1431 30.5988
1220 1 15.8922 34.9332 30.2797
1221 2 27.4776 21.6677 34.8525
1222 1 19.1004 27.6603 29.5567
1223 2 17.1971 29.1764 24.0713
1224 2 6.19861 22.0114 4.75863
1225 1 5.04883 16.8491 17.4756
1226 2 10.8823 29.6148 11.3295
1227 1 27.3482 19.2166 28.2328
1228 2 15.3047 10.157 21.0794
1229 1 24.4462 4.62755 16.8605
1230 2 27.6452 11.8053 14.2414
1231 2 6.74346 28.6233 7.07504
1232 2 26.0424 34.6814 16.2948
1233 2 10.8184 33.3905 24.0945
1234 1 13.0492 30.1007 23.2595
1235 2 8.86927 29.5356 19.0611
1236 1 29.0346 31.8682 13.4604
1237 2 19.4466 19.8203 5.37349
1238 1 24.2658 19.8812 36.0117
1239 2 27.0504 21.3551 32.3565
1240 2 34.2657 32.4693 8.00898
1241 2 30.9341 5.06557 23.4506
1242 2 19.6113 35.4671 29.116
1243 1 13.4821 34.8686 28.4762
1244 2 15.2598 33.5125 30.653
1245 2 32.2882 4.46694 32.0481
1246 2 27.423 11.9188 22.8155
1247 1 30.0382 9.49703 31.0497
1248 2 23.1265 10.6429 29.7189
1249 2 10.0626 35.4834 25.2283
1250 1 11.3327 29.2135 14.7577
1251 2 14.763 33.8034 36.5814
1252 2 29.3638 36.8218 29.9724
1253 2 32.7287 16.4193 6.19074
1254 1 4.31268 5.96636 15.4099
1255 2 5.5545 4.74874 10.079
1256 2 7.33706 24.0404 20.3843
1257 1 7.31517 14.0459 10.0929
1258 2 17.818 17.8685 6.20178
1259 1 33.2657 36.3287 32.8834
1260 2 34.8211 4.57363 12.6412
1261 2 31.7701 17.9217 30.0608
1262 2 10.7795 13.0183 14.9737
1263 1 17.0877 23.6177 8.4008
1264 2 22.5164 5.28217 10.3126
1265 2 36.7868 36.266 20.676
1266 2 27.5116 4.67073 25.2028
1267 1 29.3643 9.8081 16.8619
1268 2 19.4169 9.38658 11.4467
1269 1 13.6731 35.9032 15.0843
1270 2 12.5768 34.9494 15.7983
1271 1 8.01234 12.4634 17.4628
1272 2 13.6404 30.5387 33.3603
1273 2 11.3841 23.1509 36.7441
1274 2 19.8698 35.4496 8.40977
1275 1 19.9712 32.5197 20.2769
1276 2 21.3834 35.8717 19.707
1277 2 16.0115 35.5889 31.6819
1278 2 17.3839 34.6923 29.9193
1279 2 25.2127 35.932 20.246
1280 2 10.3089 6.89419 26.3988
1281 2 7.37983 17.5497 7.96365
1282 2 30.582 23.6198 24.6077
1283 2 7.49868 15.7149 15.5612
1284 1 12.2993 7.2357 17.1076
1285 2 14.3568 10.4411 10.2615
1286 2 11.8036 5.93242 28.3648
1287 2 16.0289 28.8153 21.8752
1288 1 21.0793 34.4527 14.562
1289 1 17.4856 15.5374 35.8888
1290 2 16.9516 9.84159 30.1217
1291 2 24.7494 28.1142 34.1739
1292 1 15.5474 21.2328 29.574
1293 1 15.18 19.288 34.3999
1294 2 18.9224 17.2226 22.9477
1295 2 12.0146 10.3236 30.8041
1296 2 32.5682 28.707 17.5102
1297 1 32.0771 7.11741 13.7155
1298 2 35.1915 9.93404 7.72946
1299 2 20.1347 11.7828 16.8477
1300 1 19.0282 18.429 16.9485
1301 2 18.7852 24.3462 11.7267
1302 2 21.0148 22.0165 26.7548
1303 1 19.2926 26.8008 16.5822
1304 2 29.6043 23.4912 16.6619
1305 2 5.03635 26.2612 32.2716
1306 2 18.4784 26.5135 6.44361
1307 2 9.7515 17.7644 32.3257
1308 1 10.27 19.0859 36.8909
1309 2 32.9888 35.8725 4.57996
1310 1 34.5578 6.19175 12.2017
1311 2 26.9527 36.6564 21.8796
1312 2 24.8344 12.9791 27.0218
1313 1 26.006 25.486 15.5975
1314 2 19.5809 30.9326 9.50306
1315 2 13.3313 31.8548 31.2822
1316 2 6.84431 15.0827 9.06812
1317 1 5.42386 8.94548 11.7331
1318 1 33.4031 20.6765 11.7768
1319 2 18.6589 11.5771 12.3312
1320 1 21.8628 9.18149 14.3488
1321 2 24.8545 10.9182 31.5952
1322 1 9.52668 26.6677 9.57565
1323 2 10.5749 21.4741 6.74062
1324 1 34.6205 12.2322 28.0262
1325 2 36.2455 6.60916 33.6367
1326 1 28.6825 15.2356 32.9295
1327 2 18.3416 27.2559 15.3326
1328 1 23.5302 26.1533 10.5101
1329 2 25.0254 26.3043 10.2481
1330 1 7.18291 34.7216 12.6124
1331 2 33.6256 14.0761 12.1331
1332 1 19.3113 4.98845 8.35321
1333 2 18.4713 18.6253 21.2002
1334 1 26.1841 13.5948 19.552
1335 2 17.4428 13.1204 13.9277
1336 1 12.8267 32.0443 20.9659
1337 2 7.44003 12.6617 9.32372
1338 2 28.6561 33.838 4.71191
1339 1 4.23178 35.4343 31.5477
1340 2 9.93809 33.7069 33.125
1341 2 7.24049 24.9552 36.8008
1342 2 23.7436 20.7481 14.6648
1343 1 30.8764 22.5568 16.4838
1344 1 33.9617 12.5627 20.8378
1345 2 4.50226 20.5515 32.2702
1346 1 17.4535 6.88963 6.83504
1347 1 22.7058 29.1591 10.2839
1348 2 27.1218 26.4008 11.7599
1349 1 21.3437 8.15454 35.5459
1350 2 22.7977 23.4672 27.7271
1351 1 15.1139 25.4481 27.0034
1352 2 34.9949 35.6242 5.97544
1353 2 17.5522 12.1927 34.0394
1354 1 36.1928 28.3171 28.0281
1355 2 36.4316 28.2198 29.7153
1356 2 35.3417 30.8451 19.7204
1357 2 28.8301 19.6545 28.0481
1358 1 33.3679 26.5815 23.8957
1359 2 23.4617 13.5544 24.8329
1360 1 16.2909 13.7469 20.1436
1361 2 28.4308 29.0746 10.9576
1362 2 18.3869 31.1806 23.0938
1363 1 16.7695 32.9452 17.0693
1364 2 19.557 35.2128 4.03982
1365 1 28.2243 24.208 19.8823
1366 2 36.9101 19.45 11.793
1367 2 11.3391 15.9226 13.7054
1368 1 6.70747 23.4541 4.84896
1369 1 36.9351 12.4149 35.8349
1370 2 5.73328 14.4526 26.5477
1371 2 21.2698 21.9109 22.7285
1372 2 33.4611 24.5035 30.5883
1373 2 33.5713 27.5626 19.985
1374 2 25.879 18.0208 32.0566
1375 1 19.5021 21.9131 27.1908
1376 1 12.2026 11.2796 23.2051
1377 2 15.7539 30.1483 11.5275
1378 1 8.11729 31.3503 9.10709
1379 2 17.6524 24.2985 24.75
1380 2 31.6498 9.89592 24.4041
1381 1 22.7633 6.75961 21.6309
1382 2 29.8234 11.921 34.3496
1383 2 30.9793 30.5298 27.697
1384 2 28.5198 36.5823 19.8988
1385 2 20.1475 7.36322 34.9565
1386 1 31.6121 12.0668 31.6432
1387 2 17.8201 18.8144 27.9921
1388 2 10.6143 24.8601 30.285
1389 2 8.21911 24.9784 34.3977
1390 2 18.3699 11.8604 29.2434
1391 2 23.5291 26.6038 21.2299
1392 2 29.7412 32.5425 27.6597
1393 1 29.849 17.4962 24.4303
1394 2 14.4629 25.8507 25.621
1395 1 23.8482 24.1037 24.3907
1396 2 8.97919 24.7927 25.0133
1397 2 10.4067 26.5562 8.25537
1398 2 10.1612 27.2866 10.9216
1399 1 20.8066 12.4052 18.2468
1400 2 21.4606 35.7348 5.51769
1401 1 25.1696 30.8205 10.8534
1402 2 24.4814 24.7367 19.8199
1403 2 16.6048 8.73156 32.2557
1404 1 27.2949 11.1968 9.91584
1405 2 28.2413 8.15495 25.0627
1406 1 29.7616 25.7217 35.3639
1407 2 24.5749 23.1414 18.0216
1408 2 15.1681 22.9759 15.7422
1409 1 33.2172 17.6568 11.1456
1410 2 23.0722 20.7151 23.6725
1411 2 12.6547 7.66561 26.858
1412 2 31.0013 6.81093 12.6681
1413 1 36.4624 5.68876 17.4746
1414 2 35.898 6.77701 16.4804
1415 2 36.799 6.25852 28.0582
1416 2 32.1476 28.9001 5.44159
1417 2 31.2153 24.8586 6.99703
1418 2 17.0483 33.0083 35.331
1419 2 5.29024 29.8668 15.9017
1420 1 12.0538 20.9884 14.9454
1421 2 17.4973 15.6315 7.80182
1422 2 18.9923 34.4875 12.268
1423 1 33.458 36.3931 29.9055
1424 1 26.0474 36.6546 9.41224
1425 2 8.22539 11.2597 4.37664
1426 2 15.9552 14.28 9.48481
1427 1 11.583 14.0234 14.0048
1428 2 12.6573 27.8423 28.4303
1429 2 25.9303 30.2505 27.6159
1430 2 36.6 21.8659 34.3553
1431 2 14.5953 7.3794 9.55926
1432 1 29.619 31.0784 28.2226
1433 2 26.5609 6.79459 14.2854
1434 1 22.8701 15.1424 34.7951
1435 2 14.7185 11.535 12.4193
1436 2 5.98184 26.6525 15.6604
1437 1 8.01554 33.5021 19.6875
1438 2 22.2695 34.0716 17.9305
1439 1 15.0287 31.1924 12.4638
1440 1 6.83004 15.7177 30.5577
1441 2 5.81649 19.2497 30.5978
1442 2 9.09602 6.22513 8.26016
1443 2 34.4254 25.4031 24.3159
1444 2 6.09442 12.755 13.4039
1445 2 7.50776 23.3882 12.5268
1446 1 20.8855 35.386 21.0827
1447 2 13.9802 31.7446 11.4555
1448 1 26.4644 32.744 21.8256
1449 1 14.6159 8.38895 35.6331
1450 1 26.6732 35.9925 16.8635
1451 2 13.2095 33.4506 29.1766
1452 1 6.86131 34.4704 5.69845
1453 2 29.501 31.8618 14.9163
1454 1 33.9149 9.5005 21.0274
1455 2 26.0254 32.4365 17.5462
1456 2 36.2685 9.71986 11.5064
1457 2 35.6721 33.8372 31.3706
1458 2 19.9452 18.1172 32.598
1459 1 26.0627 17.4296 36.0227
1460 2 33.177 19.6979 30.919
1461 2 25.1641 16.7635 4.69718
1462 2 22.7564 33.4827 31.1018
1463 1 20.6019 7.77117 29.7427
1464 2 22.6634 26.2308 18.7741
1465 1 18.4973 22.2685 30.0391
1466 2 28.2415 10.0089 10.0132
1467 2 14.4333 9.5789 31.2108
1468 1 14.5748 11.4219 36.5466
1469 2 21.8626 7.09022 29.1366
1470 2 19.1693 11.6972 35.9646
1471 1 32.9068 33.7133 16.4187
1472 2 31.1389 27.3117 29.6283
1473 1 26.3301 22.1708 35.8317
1474 2 25.9889 23.6296 35.3523
1475 2 29.0417 14.7282 31.5448
1476 1 20.462 4.14823 27.5657
1477 2 30.1821 25.329 28.4792
1478 2 13.5442 27.9012 4.8285
1479 1 20.8843 19.8869 4.71161
1480 1 14.1142 32.5084 30.1479
1481 2 31.7702 33.768 24.6775
1482 1 17.5776 24.5952 17.8335
1483 2 24.0916 26.6548 32.3549
1484 2 15.3358 26.8002 20.3489
1485 1 16.2641 28.1028 20.5068
1486 2 34.1804 20.8886 26.4228
1487 2 23.6265 6.33135 27.4855
1488 1 27.9749 7.5943 32.0335
1489 2 27.3472 13.036 27.7797
1490 2 17.796 28.8088 13.4181
1491 1 15.4036 14.7159 17.3371
1492 2 19.2038 15.9255 20.6649
1493 2 32.6754 10.0736 17.4972
1494 1 29.6218 20.1688 17.9215
1495 2 34.655 8.9897 14.9862
1496 2 22.8317 24.6726 16.9464
1497 1 34.9129 13.6468 11.3791
1498 2 15.5698 30.5716 7.19345
1499 2 13.9383 25.1288 32.5642
1500 1 14.695 25.8641 31.4565
1501 2 7.41434 24.6015 29.5652
1502 1 32.7867 33.4248 25.8971
1503 2 7.44534 28.6401 15.0003
1504 2 33.2292 24.4277 36.0865
1505 1 32.8969 23.9076 29.2235
1506 2 30.0497 17.6733 35.7089
1507 2 29.2487 21.7508 28.9964
1508 1 4.02356 7.75352 4.57024
1509 2 32.0321 19.8985 22.603
1510 1 17.5245 21.1034 13.5764
1511 2 16.8194 15.5593 14.6891
1512 2 4.46995 16.122 36.7002
1513 2 27.1993 15.9319 9.0943
1514 2 29.1746 14.0482 29.0264
1515 1 29.9767 14.3061 30.3523
1516 2 34.0241 36.7679 12.2075
1517 1 8.96996 28.4975 35.8549
1518 2 5.62466 17.9961 16.586
1519 1 7.63769 15.4151 17.0785
1520 2 34.2026 33.5622 10.421
1521 2 7.12988 29.9399 33.3227
1522 1 28.1337 32.9296 34.3293
1523 1 5.4246 24.8899 7.23891
1524 2 10.8386 28.4224 13.5044
1525 1 7.02229 18.2778 22.3068
1526 2 25.577 16.1919 6.99232
1527 1 30.6263 7.88916 28.5578
1528 2 32.2304 22.4675 26.1038
1529 2 6.31598 19.363 28.2497
1530 1 31.7769 29.1769 16.3086
1531 2 29.7638 25.8958 16.1717
1532 1 31.6675 27.4443 12.5107
1533 2 33.496 16.9604 17.5559
1534 2 25.9713 5.77723 26.9531
1535 1 6.0494 15.2487 5.15164
1536 1 33.6747 22.3164 26.6387
1537 2 27.1993 9.28569 13.6899
1538 1 22.7479 6.42733 11.3763
1539 2 28.109 25.3336 21.0671
1540 2 7.36647 9.94883 28.9822
1541 2 30.6911 9.72535 9.1529
1542 2 31.4774 25.3123 9.5648
1543 1 6.74763 23.2237 29.2815
1544 2 10.7622 21.6087 15.551
1545 1 11.7047 18.4017 16.239
1546 2 8.59551 22.8176 8.27598
1547 2 30.1299 11.0335 11.2101
1548 2 29.5881 35.1702 8.51156
1549 1 23.8184 30.1142 4.89762
1550 2 12.014 34.9044 33.5112
1551 2 6.40161 15.3871 13.3603
1552 2 12.3059 5.09224 30.8308
1553 1 22.7172 4.00083 36.405
1554 1 34.6854 20.4296 17.6514
1555 1 21.1371 12.6249 5.45599
1556 2 18.6778 15.468 5.72374
1557 2 27.8608 17.8683 10.2545
1558 1 15.1629 16.2854 29.9715
1559 2 13.3195 4.1125 33.1129
1560 2 16.2605 8.94667 17.5383
1561 2 10.5418 31.9334 12.2927
1562 1 15.6885 33.7178 14.2247
1563 2 23.4822 36.3518 18.4609
1564 2 16.1235 16.2895 36.1521
1565 1 20.4895 11.8669 36.9371
1566 2 24.2439 19.8043 19.2645
1567 2 18.146 17.3452 16.1345
1568 1 16.6004 30.617 18.9562
1569 2 27.081 14.2112 13.3954
1570 2 13.1301 24.3477 14.5609
1571 1 8.96484 34.1529 7.88275
1572 2 4.58178 24.8856 16.3518
1573 2 6.30806 35.0277 23.17
1574 1 7.71627 35.008 22.4605
1575 2 5.10728 27.0334 17.9175
1576 2 27.3252 24.9366 16.3892
1577 1 33.9642 32.3476 13.8365
1578 2 26.7041 28.5044 17.7168
1579 2 14.7983 28.8913 29.094
1580 1 13.6096 18.9406 30.1159
1581 2 16.2161 22.5832 25.8008
1582 1 5.84451 31.345 20.0513
1583 2 19.4389 21.7461 31.219
1584 1 34.3964 4.12547 7.23185
1585 1 35.4395 5.24359 33.5233
1586 1 8.4094 8.05046 19.1684
1587 2 36.3011 33.6151 28.9609
1588 2 18.7893 16.5877 29.0497
1589 2 14.8847 7.29058 27.419
1590 1 20.3688 33.8974 11.6462
1591 2 31.9025 7.61098 17.7218
1592 1 33.435 17.9431 16.3959
1593 2 19.475 36.1773 21.1088
1594 1 22.9469 36.7994 22.8382
1595 2 17.3763 18.399 30.6536
1596 1 20.1448 4.28184 15.6486
1597 2 23.3413 5.59468 15.2885
1598 2 18.1364 14.9517 27.1848
1599 1 24.6684 10.7154 30.022
1600 2 20.1074 12.8713 23.6975
1601 2 10.6451 12.2355 30.3956
1602 1 8.7613 14.7037 28.114
1603 2 12.2187 23.5433 19.4526
1604 1 16.3341 36.526 24.8712
1605 1 11.4676 19.7429 19.0268
1606 2 6.29781 15.9045 17.7346
1607 1 29.5415 12.5276 11.2359
1608 2 18.3694 5.28175 15.222
1609 1 25.5519 18.7646 22.9456
1610 2 22.6096 18.8908 25.1197
1611 2 21.9476 26.5266 31.1415
1612 1 33.3414 23.1548 18.1916
1613 2 30.5055 36.4562 18.3063
1614 2 7.87513 30.0543 16.9058
1615 1 19.6216 31.6745 26.3605
1616 2 12.7753 30.664 21.7631
1617 1 22.2275 4.4469 9.02355
1618 1 12.5864 31.1924 32.4265
1619 2 20.2849 12.0527 26.0748
1620 2 36.0109 14.3813 23.6639
1621 1 34.7467 19.7953 25.332
1622 2 21.0816 24.4031 18.9018
1623 1 19.3452 12.6974 30.247
1624 2 35.1551 4.75006 17.8796
1625 1 34.384 27.8086 21.332
1626 2 12.6288 22.4607 5.91121
1627 2 14.9358 26.7666 35.9675
1628 2 15.6891 15.0153 20.7668
1629 2 5.51021 6.16047 14.3952
1630 2 23.7839 30.6385 28.7911
1631 1 11.3041 22.227 23.1546
1632 2 12.0877 28.8585 23.5422
1633 2 7.36713 33.3285 13.3116
1634 1 12.7126 7.59617 33.4168
1635 2 9.8111 23.3316 20.0267
1636 1 9.63546 29.7371 17.6924
1637 2 5.58896 24.5462 22.2642
1638 2 23.7562 4.11367 31.9974
1639 1 23.0664 5.49328 31.6956
1640 2 10.8329 14.0478 9.58554
1641 1 26.82 29.157 28.8074
1642 2 30.8564 33.6441 29.5856
1643 2 11.8527 20.5364 27.009
1644 2 18.1404 9.53276 27.8856
1645 2 30.0269 6.3791 28.951
1646 1 16.5945 17.9181 32.024
1647 2 18.5355 16.441 35.0192
1648 2 21.5537 30.0517 10.9019
1649 1 36.6326 30.2591 18.8933
1650 2 36.3735 35.631 25.6051
1651 1 36.3396 7.55178 28.7309
1652 2 30.6224 10.9398 31.2814
1653 2 36.5619 21.9596 31.7006
1654 2 6.05622 12.4227 25.436
1655 2 14.2292 10.2929 5.7555
1656 2 22.7455 23.5471 25.3499
1657 1 34.2944 35.2696 18.5961
1658 2 27.5231 35.7135 12.906
1659 2 8.36201 23.103 32.6266
1660 2 4.23681 28.3478 24.3377
1661 2 14.7329 17.4818 20.4568
1662 1 22.8382 21.7551 22.6083
1663 2 35.0993 15.0161 18.3673
1664 1 16.9498 20.0293 18.4566
1665 1 6.07029 10.7596 28.6749
1666 2 8.05337 13.7457 27.0059
1667 2 31.3155 14.4773 24.5792
1668 1 22.2584 9.66934 8.73713
1669 2 4.4566 28.1345 30.6514
1670 1 10.3757 26.7533 6.70231
1671 2 20.809 35.0457 10.743
1672 1 9.08613 21.217 8.14268
1673 2 13.0727 21.9211 15.5399
1674 1 7.2825 8.72078 9.31954
1675 2 11.8257 12.0197 17.327
1676 2 27.0176 16.1707 25.1211
1677 1 28.2132 13.2021 13.8764
1678 2 24.7935 14.8588 19.2868
1679 2 22.8375 27.623 10.7575
1680 1 22.2649 30.3842 7.52455
1681 2 26.4527 30.1164 10.1648
1682 2 15.7933 29.4938 34.0303
1683 2 5.97568 5.73088 26.6161
1684 2 31.3168 10.0621 35.3743
1685 1 26.0307 15.0069 12.597
1686 2 34.6698 16.9215 7.10276
1687 2 21.1937 31.8605 26.117
1688 1 30.662 32.5406 30.6803
1689 2 29.5984 33.0679 34.5925
1690 2 33.0046 30.4874 7.22135
1691 2 9.67992 9.75917 5.70447
1692 1 7.29546 7.25013 32.7307
1693 2 5.94299 9.80147 21.9005
1694 1 25.2703 24.9868 35.5143
1695 2 17.3978 27.4527 33.5758
1696 2 4.56657 34.9635 30.1075
1697 2 33.709 21.8451 8.11899
1698 2 25.6614 32.5662 14.7604
1699 1 26.0286 32.5936 13.2412
1700 2 30.9378 30.4406 16.5243
1701 2 4.8262 5.14082 16.6696
1702 2 9.70722 4.3402 22.1031
1703 2 31.8909 14.4324 26.9321
1704 2 4.60091 21.1811 21.2112
1705 2 11.613 8.07642 18.2072
1706 1 9.29119 26.3283 24.8091
1707 2 14.3108 32.3686 20.7281
1708 1 9.56406 34.1101 24.7053
1709 2 6.37672 34.4123 34.5461
1710 2 33.2783 19.1124 11.6498
1711 1 34.9446 13.5125 8.33319
1712 2 34.8996 21.0163 11.8975
1713 2 26.4601 13.4855 21.0734
1714 2 33.5103 6.50655 13.347
1715 2 11.9008 32.273 33.3004
1716 2 14.8224 31.5964 35.3299
1717 2 21.2313 33.9233 13.0275
1718 2 10.7376 18.3044 27.6618
1719 2 22.676 25.6621 9.28187
1720 1 33.1185 22.6117 9.3901
1721 2 17.6003 22.0769 12.3381
1722 2 11.4344 30.741 14.246
1723 1 20.8101 21.5053 31.9614
1724 2 10.2267 35.9307 36.1118
1725 2 26.7452 10.1275 4.92596
1726 2 16.7321 5.92579 13.7158
1727 2 14.4517 22.429 29.6105
1728 1 18.9972 17.8274 34.3014
1729 2 14.7323 24.6123 34.9499
1730 2 33.0899 14.6919 16.9729
1731 2 9.96983 22.1403 12.0072
1732 2 21.6171 9.50302 20.1962
1733 1 19.6466 10.5912 16.0091
1734 1 25.9753 12.3382 27.8842
1735 2 20.594 15.5275 27.6362
1736 2 16.0083 4.15809 22.7698
1737 2 6.42292 9.24446 10.4624
1738 2 7.20435 14.7886 4.25975
1739 2 4.31152 28.784 6.67609
1740 1 13.0237 35.9799 4.52498
1741 2 5.24895 26.0653 24.3628
1742 2 26.1025 34.2527 22.058
1743 1 25.592 33.2071 16.2108
1744 1 10.9856 36.5642 28.5844
1745 2 11.8078 30.0202 31.7725
1746 2 4.73196 10.3986 25.5638
1747 1 5.37841 15.7506 25.8307
1748 2 7.69361 14.8743 29.2257
1749 2 22.2149 18.2806 33.0308
1750 2 15.6651 18.7737 32.9303
1751 2 18.6115 23.1178 26.6521
1752 1 29.1231 31.5231 22.8419
1753 2 33.3415 26.3943 17.6417
1754 2 9.30347 32.111 14.3553
1755 1 18.5215 28.4889 12.0286
1756 2 5.00836 23.2645 20.0188
1757 2 36.5074 13.5214 8.33117
1758 2 7.10478 34.1658 4.07068
1759 2 25.2696 16.3702 36.8831
1760 2 23.6738 24.0167 29.9277
1761 1 22.684 25.8878 32.4471
1762 2 35.069 23.8213 34.5422
1763 1 9.57577 36.1347 13.9935
1764 2 19.3049 9.65059 5.39332
1765 1 11.5112 21.9354 12.0418
1766 2 10.4732 6.07436 10.4737
1767 1 9.86691 9.1277 23.3756
1768 2 8.9395 8.84333 27.3007
1769 2 24.9983 19.4848 24.3563
1770 1 21.7455 25.4468 17.7784
1771 2 21.5866 9.41067 10.1083
1772 2 21.6762 4.76273 28.3849
1773 2 29.2851 16.0113 10.8611
1774 1 7.15937 8.82854 21.7898
1775 2 7.57393 18.3653 23.7695
1776 2 34.2137 20.219 23.8855
1777 2 6.61617 17.0534 29.6286
1778 2 8.91539 31.5763 32.7198
1779 1 14.7363 30.2389 28.1446
1780 1 33.5897 19.641 32.5662
1781 2 22.05 27.3395 23.1059
1782 1 29.3446 12.7407 8.19242
1783 2 26.7922 6.22734 6.75425
1784 2 13.8457 7.69495 17.2654
1785 1 9.37051 5.34253 20.3857
1786 2 9.22125 29.4459 34.6003
1787 2 24.8456 31.9434 9.77092
1788 2 17.43 23.3742 9.93422
1789 2 15.0251 36.1217 18.6873
1790 1 33.3704 36.91 20.9888
1791 1 8.41034 8.91532 14.0987
1792 2 10.3019 8.92706 13.6218
1793 2 23.0156 34.5303 28.6653
1794 1 17.9848 24.1827 23.2412
1795 2 6.66181 25.5743 11.5428
1796 2 5.57207 10.2913 12.6083
1797 1 11.1669 22.5807 20.1091
1798 2 32.0614 34.026 27.1649
1799 2 26.5081 17.5249 23.1562
1800 2 36.017 18.5404 8.32911
1801 2 19.4019 25.8389 34.1032
1802 1 21.4996 10.6839 29.6237
1803 2 21.1489 10.6387 28.0836
1804 2 26.8312 28.8643 23.4575
1805 2 24.4477 36.3182 22.7077
1806 1 26.1381 35.8323 27.5262
1807 2 17.6847 17.4259 33.0529
1808 1 4.57008 12.3323 33.6011
1809 2 22.8085 16.7407 34.8758
1810 2 33.6161 36.521 31.3961
1811 2 25.0257 15.6159 32.6342
1812 2 4.31197 15.5595 21.6505
1813 1 6.41414 16.1839 8.08409
1814 1 14.8604 20.4697 22.0329
1815 2 6.05932 35.6658 16.8757
1816 2 11.5413 19.4795 36.0264
1817 2 10.4102 13.6068 21.2216
1818 1 15.865 36.4604 5.35668
1819 1 29.2335 30.5406 7.42188
1820 2 26.9017 32.5296 5.58408
1821 2 21.1747 32.0717 32.2777
1822 2 32.5507 25.2717 28.528
1823 1 35.7178 12.9164 23.2912
1824 2 16.7775 10.486 5.65515
1825 2 34.9879 12.5866 4.10741
1826 2 20.1253 13.7732 18.8698
1827 1 17.4891 10.602 28.8326
1828 2 13.974 17.3738 29.9759
1829 2 20.6841 21.7063 33.4918
1830 2 30.6227 28.298 11.8372
1831 1 30.0572 26.9784 15.0038
1832 2 35.8282 16.4923 24.7901
1833 2 34.1691 12.1174 8.19297
1834 1 19.3374 14.3549 20.1746
1835 2 29.2773 8.61396 36.2742
1836 2 14.3069 24.2684 27.6456
1837 2 14.5769 29.7601 23.656
1838 2 5.74272 36.2262 36.3106
1839 2 6.75222 33.7748 26.7792
1840 2 32.9393 31.3569 20.9303
1841 1 25.3224 28.7624 23.9837
1842 2 31.2634 27.564 19.0501
1843 1 36.8255 20.4787 15.4351
1844 1 5.37016 11.2303 22.0635
1845 2 8.24404 6.66286 31.541
1846 1 15.8893 8.9322 30.8904
1847 2 36.8048 33.826 24.06
1848 2 23.4402 17.538 6.59319
1849 2 23.2663 16.5692 20.7452
1850 1 22.2629 6.1162 14.3176
1851 2 31.0786 14.3335 15.5762
1852 2 11.1907 10.5984 15.4379
1853 1 35.2885 24.3778 25.0088
1854 1 30.6794 20.1537 32.9527
1855 2 31.5559 26.051 31.6833
1856 2 20.5928 13.9992 4.84936
1857 2 26.9446 24.8993 9.65176
1858 2 28.0037 12.153 10.9271
1859 1 22.3012 19.6438 9.53852
1860 2 35.2125 12.9521 19.8464
1861 2 33.9531 28.5399 33.459
1862 2 15.483 32.5444 13.1933
1863 1 17.4496 28.4677 14.8846
1864 2 5.67152 28.3611 4.85784
1865 2 25.4638 26.8112 16.3174
1866 1 30.3966 17.7934 16.218
1867 1 36.2616 11.562 4.06006
1868 2 35.2183 34.8334 8.44391
1869 2 7.41862 5.40169 29.7659
1870 2 25.7877 10.9582 10.3026
1871 2 16.4234 31.6357 17.7927
1872 1 15.7388 32.8199 20.9603
1873 2 29.302 12.4988 19.4206
1874 1 18.4186 7.90335 27.5548
1875 2 26.0703 10.855 27.3166
1876 1 19.4672 6.41633 18.1861
1877 2 25.3561 30.4176 5.19326
1878 1 18.9091 34.4063 7.69151
1879 2 31.7778 26.4242 5.19777
1880 2 23.7114 23.023 23.1907
1881 1 18.8686 26.4942 21.3837
1882 2 30.8551 15.6595 30.1898
1883 2 14.6694 31.4391 29.1572
1884 1 18.1849 32.6938 22.7882
1885 2 18.5603 35.9185 31.6752
1886 2 33.0998 30.9597 28.8667
1887 2 20.8796 18.0796 35.0139
1888 2 11.9863 9.0375 6.03953
1889 2 36.4957 4.04849 33.3156
1890 2 5.90744 19.4165 22.2326
1891 1 10.9637 28.2216 11.9021
1892 2 4.8073 34.5738 25.2399
1893 1 4.21776 6.56114 32.2748
1894 2 13.8771 10.0792 17.8267
1895 2 19.8064 4.96114 26.4916
1896 2 17.844 13.6863 20.2269
1897 2 33.6745 19.2669 7.77016
1898 2 36.3519 9.08322 16.6004
1899 2 32.5665 13.3121 20.6638
1900 2 36.919 16.43 22.4961
1901 1 30.6832 33.0925 18.5385
1902 2 17.8365 25.1606 32.4099
1903 1 11.2291 8.84978 19.5431
1904 1 20.5247 34.5895 5.05324
1905 2 30.8827 18.721 6.50426
1906 1 10.7868 29.117 31.1019
1907 2 9.0069 33.6892 30.7751
1908 2 12.1673 23.5287 28.8838
1909 1 7.43954 13.5125 22.4432
1910 2 25.9148 20.5029 11.9817
1911 1 27.2498 22.4895 28.4678
1912 2 5.87357 16.1258 32.3509
1913 2 24.168 7.04077 10.7859
1914 1 29.6343 8.0957 5.92098
1915 1 31.7769 19.4783 30.1629
1916 1 20.5615 36.1563 9.63797
1917 2 19.7843 29.0351 23.6137
1918 1 17.8147 20.0656 21.3528
1919 2 8.71419 26.5528 30.4334
1920 2 25.6572 19.7232 21.6513
1921 2 33.2226 5.96263 30.1165
1922 2 6.17099 30.0591 29.4874
1923 1 19.9319 6.94435 22.8869
1924 2 8.55625 9.24898 22.4795
1925 2 6.18351 19.9025 10.0285
1926 2 20.6084 36.6842 36.5162
1927 2 33.6998 4.67902 8.53033
1928 2 30.0555 22.4659 12.4829
1929 1 34.5311 18.0423 8.37311
1930 2 33.5293 16.554 12.3427
1931 2 33.5199 27.5263 25.1549
1932 2 11.4838 20.732 22.7754
1933 1 22.4986 6.44932 18.6329
1934 2 30.6036 10.8053 16.4811
1935 2 36.9274 7.86211 30.1823
1936 2 26.5396 6.4018 4.24589
1937 2 23.1164 31.6942 7.88708
1938 1 35.8029 35.7886 7.3308
1939 2 21.425 29.3584 21.7765
1940 1 22.7282 32.1831 31.973
1941 2 34.4401 15.1044 4.83279
1942 1 35.1673 8.15304 16.1664
1943 2 22.9773 17.3377 13.6126
1944 1 18.0497 9.85588 6.33627
1945 2 10.4473 19.2194 20.0813
1946 2 27.3277 11.7911 35.0723
1947 2 5.21958 23.3838 29.083
1948 1 4.75982 24.7688 23.6102
1949 2 17.708 30.5677 29.6993
1950 2 18.7114 21.6853 35.0663
1951 2 22.4674 13.8598 13.0866
1952 2 19.6391 19.434 15.8899
1953 2 29.2065 13.21 36.2418
1954 1 13.812 12.9881 32.6967
1955 2 36.4572 20.8887 13.9897
1956 1 9.27892 13.2299 36.5611
1957 2 13.8425 15.026 17.4848
1958 1 13.6447 23.3438 15.7383
1959 2 6.02452 21.2733 26.0978
1960 2 20.77 18.4791 14.0043
1961 2 35.8962 26.326 13.0325
1962 1 24.336 11.7956 32.8962
1963 2 27.8086 20.242 8.63247
1964 2 12.4591 35.9466 25.4388
1965 2 4.40751 12.4176 32.0173
1966 1 15.8958 4.25534 21.2266
1967 2 16.7318 23.572 22.5432
1968 1 33.6108 15.5277 18.2193
1969 2 26.7314 18.7132 29.6297
1970 2 18.725 33.8364 23.8576
1971 1 28.7665 36.476 13.3922
1972 1 33.5101 33.6034 34.2461
1973 2 26.6802 27.5716 32.6009
1974 1 35.0117 33.4036 9.031
1975 2 29.8708 35.7636 14.1903
1976 2 14.0464 26.8949 30.4533
1977 1 17.7813 30.0542 28.1845
1978 2 18.8785 20.5512 26.613
1979 2 22.6186 16.6583 28.485
1980 1 35.7983 19.5082 20.4489
1981 2 21.0909 31.4182 20.4402
1982 1 28.2647 36.8585 31.0992
1983 1 32.4941 22.7771 21.1137
1984 2 36.1331 17.9407 20.5413
1985 1 4.16915 32.491 17.653
1986 2 31.593 7.08213 15.2025
1987 2 14.8876 36.0126 25.0293
1988 2 18.9393 31.0765 27.5936
1989 2 21.5721 11.5737 35.812
1990 1 11.0513 13.6873 29.8619
1991 2 14.8765 35.451 9.19433
1992 2 13.446 7.81505 34.7683
1993 2 29.4203 13.8481 26.4043
1994 2 31.4958 5.92518 25.6524
1995 2 30.2445 5.69289 16.4922
1996 2 28.4144 7.17587 12.71
1997 2 30.2333 11.5991 7.60566
1998 2 11.6692 27.5951 6.25637
1999 2 19.5259 34.2727 6.23185
2000 2 25.7115 10.591 15.1282
2001 2 14.1763 13.8713 11.2942
2002 1 33.5295 20.6603 7.06477
2003 1 6.15361 4.53735 30.0525
2004 1 8.90467 22.1971 27.5402
2005 2 11.3056 15.8659 36.8422
2006 2 13.8549 34.6505 27.01
2007 1 8.66099 34.7732 29.6642
2008 2 14.7706 35.4923 29.2465
2009 2 18.3239 33.0218 16.8973
2010 2 13.8121 26.5859 7.15466
2011 2 5.37686 21.293 17.3071
2012 2 34.4182 11.3787 26.7543
2013 1 34.4435 16.71 25.4002
2014 1 11.1305 9.13913 14.9815
2015 2 8.5531 18.596 10.9325
2016 2 12.1073 21.0363 10.8965
2017 2 18.1165 30.9138 7.22603
2018 1 15.7635 4.02824 29.8283
2019 2 6.54076 8.31419 7.97469
2020 1 27.8192 25.9456 13.143
2021 2 32.4127 21.3864 12.7591
2022 2 13.9158 24.5941 30.066
2023 2 21.0058 21.655 36.1091
2024 2 29.8907 17.649 12.7264
2025 1 27.2363 18.9128 9.19609
2026 2 26.693 23.2935 27.2587
2027 2 34.3708 26.4495 34.9009
2028 1 23.4151 16.6156 22.2631
2029 2 30.4813 35.1473 23.0127
2030 2 31.8499 36.93 32.9109
2031 2 9.39746 29.3863 31.9335
2032 1 10.8306 34.5519 36.7631
2033 2 17.1201 29.5267 31.9726
2034 1 28.8638 8.88242 26.3765
2035 2 30.1574 8.96948 29.6503
2036 1 33.3747 27.911 26.6224
2037 2 26.1386 32.5279 20.2509
2038 1 16.9635 5.86011 15.237
2039 2 24.5435 6.82092 6.23996
2040 2 20.9283 9.65666 25.671
2041 2 23.4129 10.4926 9.30474
2042 1 32.1519 11.0212 16.36
2043 1 6.16316 17.1155 33.513
2044 2 23.13 31.4155 4.29179
2045 1 20.1786 19.867 14.4613
2046 2 4.29583 17.32 18.7587
2047 1 26.0124 11.0449 35.3363
2048 2 25.4363 18.8375 36.3651
2049 2 16.5125 34.1923 17.9879
2050 1 6.39857 6.75698 25.479
2051 2 25.0693 32.2662 35.4721
2052 1 23.6784 31.9517 34.8815
2053 1 18.37 16.5264 6.84429
2054 2 5.72431 16.7847 4.51674
2055 2 6.60213 11.5956 17.3396
2056 1 18.9826 6.48554 34.4107
2057 2 19.9863 6.95074 30.9379
2058 1 26.392 31.1539 6.11933
2059 1 27.8465 16.3086 10.4485
2060 2 15.824 28.5189 15.0133
2061 1 10.014 18.1277 21.1561
2062 2 7.33181 18.3144 5.67218
2063 2 23.0528 32.1805 24.164
2064 2 36.417 28.7643 18.5055
2065 1 24.2256 10.9983 15.042
2066 2 26.7516 23.8891 19.4394
2067 1 36.7833 16.6091 20.989
2068 2 7.30544 35.495 29.4319
2069 1 33.9083 24.8573 34.7119
2070 2 30.0276 31.4156 29.7211
2071 2 24.8557 19.5944 16.7583
2072 2 30.3895 31.3087 21.9171
2073 1 34.4421 30.8291 20.9631
2074 2 24.7295 30.8821 18.9524
2075 2 32.3172 7.50718 24.0364
2076 1 34.8317 10.7928 25.3702
2077 1 20.9572 8.84861 11.4433
2078 2 21.1179 10.5502 8.05118
2079 1 30.7361 33.5135 35.4904
2080 2 36.3469 19.9439 25.501
2081 2 18.0303 19.107 17.9006
2082 1 28.3332 28.6207 23.7668
2083 2 9.6299 7.51832 36.0074
2084 2 7.63845 8.77999 32.5263
2085 2 20.8103 33.874 20.8023
2086 1 34.432 35.3292 4.62158
2087 1 24.7939 6.74716 26.5804
2088 2 5.93525 18.6188 33.0971
2089 1 12.5928 20.864 25.5979
2090 2 19.9556 22.9473 20.7313
2091 1 19.8442 22.2027 22.1472
2092 2 23.6794 25.4036 23.6368
2093 2 25.6565 4.9458 23.424
2094 2 35.0461 12.0245 24.4309
2095 1 36.915 25.7734 11.8824
2096 2 31.9306 20.8011 6.76888
2097 1 35.5556 14.9933 34.8329
2098 2 7.16264 19.116 25.9262
2099 2 8.0251 27.2645 35.6947
2100 2 8.63174 12.5889 18.9207
2101 1 14.1215 13.4428 29.6057
2102 2 11.1559 14.8234 23.7947
2103 2 34.3365 32.6608 33.3902
2104 1 33.5816 20.2799 22.5082
2105 2 34.5892 23.1927 25.7758
2106 1 13.2925 16.378 7.99182
2107 2 17.0258 7.95851 20.7219
2108 2 29.5993 20.4996 19.3972
2109 2 29.3422 33.1235 9.71934
2110 1 19.7572 32.5723 17.2445
2111 2 34.549 11.4132 29.3582
2112 2 19.4785 14.0381 29.3857
2113 2 4.92536 15.7417 24.3274
2114 2 30.4382 27.1948 35.7104
2115 1 32.7688 9.01956 23.8423
2116 2 33.6233 27.1945 22.5652
2117 1 29.7279 21.5688 20.6275
2118 2 25.4431 32.0235 22.8263
2119 2 4.66959 28.949 9.62947
2120 2 15.9704 34.2545 20.3852
2121 1 28.432 7.7752 23.586
2122 2 27.6565 6.41817 23.1716
2123 2 21.9134 19.1233 5.58287
2124 2 31.5714 4.58133 9.90976
2125 1 5.85402 19.7589 32.0771
2126 1 16.0735 21.0251 7.02124
2127 2 11.539 18.3307 4.95376
2128 2 27.5263 22.6291 8.35803
2129 1 27.2282 4.94841 23.639
2130 2 35.7662 7.1712 11.9265
2131 2 14.9122 4.6357 31.0983
2132 2 13.7764 31.2513 8.90712
2133 2 5.23547 5.52298 30.8483
2134 2 25.0751 11.6715 34.2731
2135 1 27.0492 7.79842 13.1382
2136 2 5.67977 24.003 5.96756
2137 2 6.01929 6.03964 24.0757
2138 2 34.2494 18.2544 25.3824
2139 1 35.6822 27.048 14.4569
2140 2 29.7746 16.4069 16.3024
2141 2 34.5305 29.3902 21.5625
2142 1 22.6621 32.253 25.6821
2143 2 34.519 31.8407 30.8845
2144 2 28.0289 35.3832 31.587
2145 2 5.38455 33.3088 16.9242
2146 1 13.435 35.237 9.77809
2147 1 17.6122 4.92084 36.7232
2148 2 16.2902 11.1116 27.949
2149 1 12.0426 15.2041 25.0422
2150 2 19.444 5.13735 17.3342
2151 1 31.2829 11.6107 34.664
2152 2 28.2744 5.09497 27.6094
2153 2 11.3452 33.2339 14.8018
2154 2 6.05077 25.8622 34.7554
2155 1 23.0667 9.19391 19.7851
2156 2 21.4961 7.36099 11.3983
2157 1 14.2461 7.33689 11.1219
2158 2 5.58078 21.1791 23.6554
2159 2 14.3658 9.9286 36.0633
2160 1 4.84217 12.7779 30.559
2161 2 17.2006 7.15519 28.0862
2162 1 11.3415 18.1182 32.3951
2163 2 16.0506 15.2953 25.2834
2164 2 27.3748 27.8546 30.125
2165 1 23.9398 14.6724 32.0445
2166 2 20.5784 23.7844 34.8234
2167 2 9.18464 25.3164 18.6817
2168 1 4.14939 31.6073 26.978
2169 2 18.9709 30.8094 25.2145
2170 1 24.7669 20.5586 20.5781
2171 2 19.1631 35.4327 26.4104
2172 1 6.63192 34.2398 17.0766
2173 2 14.7817 8.34997 19.6403
2174 1 12.5314 15.669 16.9078
2175 1 23.5879 6.37576 34.5375
2176 2 36.2004 15.3594 20.2943
2177 2 35.9074 13.5284 35.143
2178 2 29.347 27.6444 31.6074
2179 1 17.8074 20.483 35.4683
2180 2 20.1899 32.3775 11.3574
2181 2 30.6853 24.7912 36.2266
2182 1 36.3886 21.0482 33.0627
2183 2 11.2461 14.7782 31.0119
2184 1 11.6978 6.45066 26.8197
2185 2 25.4578 9.63936 29.1831
2186 1 6.73891 4.59014 11.0422
2187 2 23.454 15.5535 30.7502
2188 2 12.5191 13.9994 4.596
2189 2 4.24793 24.3389 8.14978
2190 2 24.1395 28.9532 17.4465
2191 1 15.5461 21.2845 26.455
2192 2 26.9689 28.0406 27.6768
2193 2 33.1537 33.0663 12.7547
2194 1 5.55411 27.9206 6.35605
2195 2 18.3134 25.8966 17.3797
2196 1 15.8579 28.8987 10.6349
2197 2 23.3929 21.2057 26.0616
2198 2 8.40762 29.5065 36.8977
2199 2 8.39932 26.0573 14.496
2200 1 8.47934 22.0248 12.613
2201 2 10.5506 17.9638 15.2312
2202 1 36.6415 29.6199 35.871
2203 2 15.6023 7.71694 29.8697
2204 2 22.5352 32.454 35.8451
2205 1 20.7465 25.3821 34.771
2206 2 6.75859 5.57597 12.2168
2207 1 14.3882 18.762 19.581
2208 2 24.6809 33.9067 7.85277
2209 2 23.394 32.4268 33.4091
2210 2 33.7743 11.0488 20.7889
2211 2 11.5936 25.8375 18.0741
2212 1 13.7877 27.1126 12.0754
2213 1 7.49419 26.1618 29.5244
2214 2 11.0963 29.3955 29.5403
2215 2 33.9336 30.8366 13.5075
2216 1 36.8133 27.2009 9.13025
2217 2 23.9684 11.9264 13.8537
2218 1 5.7259 14.1528 12.7684
2219 2 19.7498 32.8312 18.7705
2220 1 23.4711 30.2148 18.2355
2221 2 31.3824 23.4405 29.467
2222 2 32.5217 4.69129 36.4899
2223 2 17.2509 7.30456 15.7698
2224 1 10.567 10.7137 30.429
2225 2 29.8346 32.6884 12.3446
2226 1 23.4648 26.6806 22.838
2227 2 14.7269 24.6592 23.387
2228 2 10.6239 7.8107 22.8643
2229 2 12.1389 14.7755 15.6894
2230 1 12.673 24.6676 18.4587
2231 2 23.4274 5.54542 17.8153
2232 2 10.6162 20.1458 29.4494
2233 1 9.25567 13.418 20.055
2234 2 8.58221 7.6686 29.3606
2235 1 18.2991 35.1646 13.5216
2236 2 19.1544 32.9603 8.13861
2237 2 12.5831 31.4729 24.0201
2238 1 19.1947 36.2392 27.7722
2239 1 25.0218 35.1126 6.96155
2240 2 30.8813 32.1096 19.7345
2241 2 29.6495 24.0054 31.2335
2242 1 17.8998 25.9461 33.8137
2243 2 14.5813 20.1279 20.4813
2244 2 34.1919 10.287 12.7684
2245 1 32.5534 13.9713 15.7476
2246 2 28.1014 10.0673 16.0073
2247 2 6.33443 36.3713 9.27171
2248 1 26.0132 21.5927 31.1647
2249 1 23.738 29.7918 30.1506
2250 2 27.1476 33.2465 30.4257
2251 2 22.8748 11.3838 33.3216
2252 2 8.60507 35.3526 8.81027
2253 2 23.4302 5.77416 30.1579
2254 1 5.08853 29.6125 30.5611
2255 2 21.0031 9.29058 30.0462
2256 2 26.4088 21.2587 6.76507
2257 2 5.23956 35.6194 27.7635
2258 2 35.9708 4.36304 7.22091
2259 2 24.478 30.1074 23.8736
2260 1 18.5724 34.4189 25.3668
2261 2 18.2037 23.8247 30.2264
2262 2 11.0442 33.7121 17.3982
2263 1 15.2818 25.2932 19.8309
2264 2 10.0897 25.8887 16.2057
2265 2 28.1417 28.0983 25.2035
2266 2 24.9344 36.6987 12.8142
2267 1 32.9034 33.6098 11.2609
2268 2 21.8896 36.9225 9.19637
2269 2 17.3417 28.3847 10.9294
2270 1 16.5391 22.2533 16.2227
2271 2 20.7548 26.177 16.6514
2272 2 25.8321 36.6093 17.9597
2273 1 25.9839 35.5454 12.2619
2274 2 14.1018 27.7852 13.4563
2275 2 5.55544 11.3736 30.0166
2276 2 18.2482 24.2542 7.55207
2277 2 32.1591 7.59293 28.6328
2278 2 35.4003 19.9235 18.9688
2279 1 29.5708 31.2679 16.3887
2280 2 19.2845 27.0632 12.0022