2961 6697
3227 6529
3048 1366
6720 2284
2954 1383
3044 5626
3121 4823
3250 1972
4673 4801
4903 5245
542 1605
3997 3102
95 6529
283 5100
283 2915
283 2371
3830 3976
3832 5825
5145 673
6439 5600
2183 5449
5589 5487
5617 2207
4730 6697
4641 2071
6392 1456
5741 5719
5689 5548
6257 4086
4481 3574
2255 4779
5681 6665
318 6471
3820 4741
199 6506
196 4865
196 6073
3945 2701
6396 3072
6382 6091
3147 3678
6781 6866
6312 2153
6164 673
2979 3852
534 4538
6515 3093
6516 5569
2267 2449
4964 3719
4962 5623
423 6589
1257 3546
1403 1366
5001 6689
5432 1372
4195 6367
1336 1372
3215 3601
5673 5650
3017 5597
3017 611
4051 413
1429 413
1536 313
1245 1102
4949 2397
621 3020
3807 3041
4265 4086
3948 2873
3948 3706
1342 3976
4530 494
5662 2071
5661 2153
1906 6436
5948 6866
252 2873
3007 1626
6537 2803
169 4855
3698 1626
1635 4855
3694 2397
1988 5052
6421 6666
2431 5569
6803 1383
6803 6436
544 2243
544 3474
3873 598
459 6899
459 2803
3523 140
6609 6425
3288 5439
5551 2081
1909 6506
308 281
1911 6425
222 4184
5104 5650
5228 2673
1465 1391
1465 2126
5341 6529
6357 2673
3964 3472
5792 2876
5792 6540
2127 5833
5809 2414
5809 1198
606 3592
1203 1665
5765 1372
4671 2673
5050 4795
1891 1573
1311 2081
4921 2294
2346 6465
5198 2081
5350 4795
1517 6595
1517 5778
1616 4855
325 694
3973 1605
5760 6701
3811 6328
2871 6899
2871 611
1173 2414
1276 705
3355 3291
5732 6359
3058 2347
5738 4699
6546 3943
5366 4086
946 3706
5636 4680
3220 558