1 13 3075 10137
2 13 3075 3085
3 13 3133 15331
4 13 3133 7756
5 13 3133 15331
6 13 3133 7756
7 13 7756 7752
8 13 3085 14593
9 13 3085 10777
10 13 3085 3075
11 13 3085 14593
12 13 3085 10777
13 13 3085 3075
14 13 3423 16925
15 13 3423 15653
16 13 3423 3433
17 13 3423 16925
18 13 3423 15653
19 13 3423 3433
20 13 15653 15649
21 13 3433 19359
22 13 3433 7809
23 13 3433 3423
24 13 19359 19363
25 13 3433 19359
26 13 3433 7809
27 13 3433 3423
28 13 2737 18197
29 13 2737 11515
30 13 2737 2727
31 13 2737 18197
32 13 2737 11515
33 13 2737 2727
34 13 11515 11519
35 13 417 10353
36 13 417 6378
37 13 417 407
38 13 417 10353
39 13 417 6378
40 13 417 407
41 13 175 19469
42 13 175 20635
43 13 175 185
44 13 175 19469
45 13 175 20635
46 13 175 185
47 13 20635 20631
48 13 2302 15649
49 13 2302 17137
50 13 2302 2292
51 13 15649 15653
52 13 2302 15649
53 13 2302 17137
54 13 2302 2292
55 13 2814 20264
56 13 2814 10618
57 13 2814 20264
58 13 2814 10618
59 13 1519 6855
60 13 1519 6109
61 13 1519 1509
62 13 6855 6851
63 13 1519 6855
64 13 1519 6109
65 13 1519 1509
66 13 6109 6113
67 13 1538 19257
68 13 1538 16656
69 13 1538 1548
70 13 19257 19253
71 13 1538 19257
72 13 1538 16656
73 13 1538 1548
74 13 185 20419
75 13 185 175
76 13 1142 3940
77 13 1142 12999
78 13 1142 1132
79 13 3940 3936
80 13 1142 3940
81 13 1142 12999
82 13 1142 1132
83 13 12999 13003
84 13 2099 20631
85 13 2099 10561
86 13 2099 2089
87 13 20631 20635
88 13 2099 20631
89 13 2099 10561
90 13 2099 2089
91 13 10561 10565
92 13 3539 19094
93 13 3539 21267
94 13 3539 3549
95 13 19094 19098
96 13 3539 19094
97 13 3539 21267
98 13 3539 3549
99 13 21267 21271
100 13 1509 5265
101 13 1509 1519
102 13 407 6851
103 13 407 417
104 13 6851 6855
105 13 707 3936
106 13 707 9183
107 13 707 697
108 13 3936 3940
109 13 707 3936
110 13 707 9183
111 13 707 697
112 13 9183 9187
113 13 1548 11996
114 13 1548 14271
115 13 1548 1538
116 13 11996 11992
117 13 1548 11996
118 13 1548 14271
119 13 1548 1538
120 13 14271 14275
121 13 2089 12840
122 13 2089 21161
123 13 2089 2099
124 13 12840 12844
125 13 2089 12840
126 13 2089 21161
127 13 2089 2099
128 13 21161 21165
129 13 1132 13586
130 13 1132 19204
131 13 1132 1142
132 13 13586 13582
133 13 1132 13586
134 13 1132 19204
135 13 1132 1142
136 13 19204 19200
137 13 697 7752
138 13 697 10088
139 13 697 707
140 13 7752 7756
141 13 697 7752
142 13 697 10088
143 13 697 707
144 13 3549 6802
145 13 3549 20370
146 13 3549 3539
147 13 6802 6798
148 13 3549 6802
149 13 3549 20370
150 13 3549 3539
151 13 20370 20366
152 13 3394 6908
153 13 3394 5795
154 13 3394 3404
155 13 6908 6904
156 13 3394 6908
157 13 3394 5795
158 13 3394 3404
159 13 5795 5791
160 13 1393 21320
161 13 1393 1403
162 13 21320 21324
163 13 581 12844
164 13 581 21165
165 13 581 591
166 13 12844 12840
167 13 581 12844
168 13 581 21165
169 13 581 591
170 13 21165 21161
171 13 1403 10455
172 13 1403 13215
173 13 1403 1393
174 13 1403 10455
175 13 1403 13215
176 13 1403 1393
177 13 13215 13211
178 13 1364 5742
179 13 1364 5742
180 13 3404 20578
181 13 3404 3394
182 13 20578 20582
183 13 1625 8017
184 13 1625 1635
185 13 1635 21536
186 13 1635 6431
187 13 1635 1625
188 13 21536 21532
189 13 1635 21536
190 13 1635 6431
191 13 1635 1625
192 13 6431 6427
193 13 823 6427
194 13 823 9134
195 13 823 813
196 13 6427 6431
197 13 823 6427
198 13 823 9134
199 13 823 813
200 13 2582 7544
201 13 2582 9978
202 13 2582 2592
203 13 2582 7544
204 13 2582 9978
205 13 2582 2592
206 13 1770 6798
207 13 1770 1780
208 13 6798 6802
209 13 591 8657
210 13 591 10565
211 13 591 581
212 13 8657 8653
213 13 591 8657
214 13 591 10565
215 13 591 581
216 13 10565 10561
217 13 1422 15384
218 13 1422 18780
219 13 1422 1432
220 13 15384 15388
221 13 1422 15384
222 13 1422 18780
223 13 1422 1432
224 13 18780 18776
225 13 900 17504
226 13 900 910
227 13 17504 17508
228 13 3607 21532
229 13 3607 6166
230 13 3607 3597
231 13 21532 21536
232 13 3607 21532
233 13 3607 6166
234 13 3607 3597
235 13 6166 6162
236 13 987 14960
237 13 533 14112
238 13 533 7169
239 13 533 523
240 13 533 14112
241 13 533 7169
242 13 533 523
243 13 7169 7173
244 13 523 21801
245 13 523 5791
246 13 523 533
247 13 21801 21797
248 13 523 21801
249 13 523 5791
250 13 523 533
251 13 5791 5795
252 13 1780 13211
253 13 1780 1770
254 13 13211 13215
255 13 2031 19942
256 13 2031 5579
257 13 2031 19942
258 13 2031 5579
259 13 3278 18886
260 13 3278 5000
261 13 3278 3288
262 13 18886 18882
263 13 3278 18886
264 13 3278 5000
265 13 3278 3288
266 13 5000 4996
267 13 813 16762
268 13 813 18935
269 13 813 823
270 13 813 16762
271 13 813 18935
272 13 813 823
273 13 272 12416
274 13 272 4735
275 13 272 262
276 13 12416 12420
277 13 272 12416
278 13 272 4735
279 13 272 262
280 13 4735 4731
281 13 1925 17508
282 13 1925 1915
283 13 17508 17504
284 13 1925 17508
285 13 1925 1915
286 13 446 18511
287 13 446 18511
288 13 910 17557
289 13 910 18988
290 13 910 900
291 13 17557 17561
292 13 910 17557
293 13 910 18988
294 13 910 900
295 13 18988 18992
296 13 2592 15437
297 13 2592 18617
298 13 2592 2582
299 13 15437 15441
300 13 2592 15437
301 13 2592 18617
302 13 2592 2582
303 13 18617 18621
304 13 1 7328
305 13 1 16338
306 13 1 11
307 13 1 7328
308 13 1 16338
309 13 1 11
310 13 16338 16342
311 13 349 16448
312 13 349 9819
313 13 349 359
314 13 16448 16444
315 13 349 16448
316 13 349 9819
317 13 349 359
318 13 1915 8494
319 13 1915 21108
320 13 1915 1925
321 13 1915 8494
322 13 1915 21108
323 13 1915 1925
324 13 1838 21006
325 13 1838 7173
326 13 1838 1828
327 13 21006 21002
328 13 1838 21006
329 13 1838 7173
330 13 1838 1828
331 13 7173 7169
332 13 1828 17296
333 13 1828 16126
334 13 1828 1838
335 13 17296 17292
336 13 1828 17296
337 13 1828 16126
338 13 1828 1838
339 13 16126 16130
340 13 204 16342
341 13 204 21691
342 13 16342 16338
343 13 204 16342
344 13 204 21691
345 13 21691 21695
346 13 2553 17561
347 13 2553 14218
348 13 2553 2563
349 13 17561 17557
350 13 2553 17561
351 13 2553 14218
352 13 2553 2563
353 13 14218 14222
354 13 1084 15176
355 13 1084 18882
356 13 1084 1074
357 13 15176 15172
358 13 1084 15176
359 13 1084 18882
360 13 1084 1074
361 13 18882 18886
362 13 11 9395
363 13 11 7703
364 13 11 1
365 13 9395 9399
366 13 11 9395
367 13 11 7703
368 13 11 1
369 13 359 9399
370 13 359 8600
371 13 359 349
372 13 9399 9395
373 13 359 9399
374 13 359 8600
375 13 359 349
376 13 8600 8604
377 13 1045 15441
378 13 1045 18992
379 13 15441 15437
380 13 1045 15441
381 13 1045 18992
382 13 18992 18988
383 13 59 16444
384 13 59 69
385 13 16444 16448
386 13 146 9607
387 13 146 13847
388 13 9607 9611
389 13 146 9607
390 13 146 13847
391 13 1345 12367
392 13 1345 21695
393 13 1345 1335
394 13 12367 12363
395 13 1345 12367
396 13 1345 21695
397 13 1345 1335
398 13 21695 21691
399 13 2563 15229
400 13 2563 10936
401 13 2563 2553
402 13 15229 15225
403 13 2563 15229
404 13 2563 10936
405 13 2563 2553
406 13 10936 10932
407 13 2756 19628
408 13 2756 19628
409 13 4311 4307
410 13 3336 18458
411 13 3336 19465
412 13 3336 18458
413 13 3336 19465
414 13 2679 5208
415 13 2679 4205
416 13 2679 2669
417 13 5208 5212
418 13 2679 5208
419 13 2679 4205
420 13 2679 2669
421 13 1335 8604
422 13 1335 18303
423 13 1335 1345
424 13 8604 8600
425 13 1335 8604
426 13 1335 18303
427 13 1335 1345
428 13 18303 18299
429 13 69 8812
430 13 69 14222
431 13 69 59
432 13 8812 8816
433 13 69 8812
434 13 69 14222
435 13 69 59
436 13 14222 14218
437 13 2669 10826
438 13 2669 6745
439 13 2669 2679
440 13 2669 10826
441 13 2669 6745
442 13 2669 2679
443 13 3191 4046
444 13 3191 5212
445 13 4046 4042
446 13 3191 4046
447 13 3191 5212
448 13 5212 5208
449 13 2205 17720
450 13 2205 17084
451 13 2205 2215
452 13 2205 17720
453 13 2205 17084
454 13 2205 2215
455 13 1277 19889
456 13 1277 15225
457 13 1277 1287
458 13 19889 19893
459 13 1277 19889
460 13 1277 15225
461 13 1277 1287
462 13 15225 15229
463 13 3046 9611
464 13 3046 18299
465 13 9611 9607
466 13 3046 9611
467 13 3046 18299
468 13 18299 18303
469 13 1287 18193
470 13 1287 16660
471 13 1287 1277
472 13 1287 18193
473 13 1287 16660
474 13 1287 1277
475 13 2128 10035
476 13 2128 5848
477 13 2128 2118
478 13 2128 10035
479 13 2128 5848
480 13 2128 2118
481 13 2292 9024
482 13 2292 15596
483 13 2292 2302
484 13 2292 9024
485 13 2292 15596
486 13 2292 2302
487 13 1664 5318
488 13 1664 5155
489 13 1664 1654
490 13 5318 5314
491 13 1664 5318
492 13 1664 5155
493 13 1664 1654
494 13 1654 14536
495 13 1654 16554
496 13 1654 1664
497 13 14536 14540
498 13 1654 14536
499 13 1654 16554
500 13 1654 1664
501 13 16554 16550
502 13 2273 21324
503 13 2273 19098
504 13 21324 21320
505 13 2273 21324
506 13 2273 19098
507 13 19098 19094
508 13 2118 21373
509 13 2118 8445
510 13 2118 2128
511 13 21373 21377
512 13 2118 21373
513 13 2118 8445
514 13 2118 2128
515 13 8445 8441
516 13 639 16819
517 13 639 18409
518 13 639 649
519 13 16819 16815
520 13 639 16819
521 13 639 18409
522 13 639 649
523 13 18409 18405
524 13 3017 16550
525 13 3017 20529
526 13 3017 3027
527 13 16550 16554
528 13 3017 16550
529 13 3017 20529
530 13 3017 3027
531 13 20529 20525
532 13 2930 13264
533 13 2930 8547
534 13 2930 2940
535 13 13264 13268
536 13 2930 13264
537 13 2930 8547
538 13 2930 2940
539 13 8547 8551
540 13 649 6590
541 13 649 14540
542 13 649 639
543 13 6590 6586
544 13 649 6590
545 13 649 14540
546 13 649 639
547 13 14540 14536
548 13 3027 21271
549 13 3027 18670
550 13 3027 3017
551 13 21271 21267
552 13 3027 21271
553 13 3027 18670
554 13 3027 3017
555 13 2350 6484
556 13 2350 5314
557 13 2350 2360
558 13 6484 6480
559 13 2350 6484
560 13 2350 5314
561 13 2350 2360
562 13 5314 5318
563 13 2901 20260
564 13 2901 4576
565 13 2901 2911
566 13 2901 20260
567 13 2901 4576
568 13 2901 2911
569 13 2495 19575
570 13 2495 19575
571 13 2940 15918
572 13 2940 6480
573 13 2940 2930
574 13 15918 15914
575 13 2940 15918
576 13 2940 6480
577 13 2940 2930
578 13 6480 6484
579 13 2524 18405
580 13 2524 12257
581 13 2524 2534
582 13 18405 18409
583 13 2524 18405
584 13 2524 12257
585 13 2524 2534
586 13 12257 12261
587 13 2186 4258
588 13 2186 13476
589 13 2186 4258
590 13 2186 13476
591 13 13476 13480
592 13 2360 3993
593 13 2360 8441
594 13 2360 2350
595 13 3993 3989
596 13 2360 3993
597 13 2360 8441
598 13 2360 2350
599 13 8441 8445
600 13 871 21748
601 13 871 9081
602 13 871 881
603 13 871 21748
604 13 871 9081
605 13 871 881
606 13 9081 9077
607 13 1683 20366
608 13 1683 20525
609 13 20366 20370
610 13 1683 20366
611 13 1683 20525
612 13 20525 20529
613 13 881 8021
614 13 881 15865
615 13 881 871
616 13 881 8021
617 13 881 15865
618 13 881 871
619 13 2911 14695
620 13 2911 4947
621 13 2911 2901
622 13 14695 14699
623 13 2911 14695
624 13 2911 4947
625 13 2911 2901
626 13 2534 3671
627 13 2534 6586
628 13 2534 2524
629 13 2534 3671
630 13 2534 6586
631 13 2534 2524
632 13 6586 6590
633 13 3288 16501
634 13 3288 6904
635 13 3288 3278
636 13 16501 16497
637 13 3288 16501
638 13 3288 6904
639 13 3288 3278
640 13 6904 6908
641 13 504 4519
642 13 504 13321
643 13 504 494
644 13 4519 4523
645 13 504 4519
646 13 504 13321
647 13 504 494
648 13 13321 13317
649 13 2331 14059
650 13 2331 5424
651 13 2331 2321
652 13 14059 14063
653 13 2331 14059
654 13 2331 5424
655 13 2331 2321
656 13 5424 5420
657 13 997 9077
658 13 997 18564
659 13 9077 9081
660 13 997 9077
661 13 997 18564
662 13 18564 18568
663 13 3597 11837
664 13 3597 4894
665 13 3597 3607
666 13 11837 11833
667 13 3597 11837
668 13 3597 4894
669 13 3597 3607
670 13 765 11413
671 13 765 7385
672 13 11413 11409
673 13 765 11413
674 13 765 7385
675 13 3317 3777
676 13 3317 13427
677 13 3317 3307
678 13 3777 3781
679 13 3317 3777
680 13 3317 13427
681 13 3317 3307
682 13 13427 13423
683 13 3172 11780
684 13 3172 14699
685 13 3172 3162
686 13 11780 11784
687 13 3172 11780
688 13 3172 14699
689 13 3172 3162
690 13 14699 14695
691 13 968 4678
692 13 968 17985
693 13 968 958
694 13 4678 4682
695 13 968 4678
696 13 968 17985
697 13 968 958
698 13 17985 17981
699 13 3307 9236
700 13 3307 5477
701 13 3307 3317
702 13 9236 9240
703 13 3307 9236
704 13 3307 5477
705 13 3307 3317
706 13 5477 5473
707 13 1480 21797
708 13 1480 11254
709 13 1480 1490
710 13 21797 21801
711 13 1480 21797
712 13 1480 11254
713 13 1480 1490
714 13 11254 11250
715 13 1490 17663
716 13 1490 11409
717 13 1490 1480
718 13 17663 17667
719 13 1490 17663
720 13 1490 11409
721 13 1490 1480
722 13 11409 11413
723 13 2321 13423
724 13 2321 12526
725 13 2321 2331
726 13 13423 13427
727 13 2321 13423
728 13 2321 12526
729 13 2321 2331
730 13 12526 12522
731 13 436 14063
732 13 436 9240
733 13 14063 14059
734 13 436 14063
735 13 436 9240
736 13 9240 9236
737 13 852 4996
738 13 852 8918
739 13 852 842
740 13 4996 5000
741 13 852 4996
742 13 852 8918
743 13 852 842
744 13 8918 8922
745 13 1161 14377
746 13 1161 17875
747 13 1161 1171
748 13 14377 14381
749 13 1161 14377
750 13 1161 17875
751 13 1161 1171
752 13 17875 17879
753 13 842 21479
754 13 842 14381
755 13 842 852
756 13 21479 21483
757 13 842 21479
758 13 842 14381
759 13 842 852
760 13 14381 14377
761 13 2447 5473
762 13 2447 3781
763 13 5473 5477
764 13 2447 5473
765 13 2447 3781
766 13 3781 3777
767 13 127 14116
768 13 127 14964
769 13 127 117
770 13 127 14116
771 13 127 14964
772 13 127 117
773 13 1171 19730
774 13 1171 9501
775 13 1171 1161
776 13 1171 19730
777 13 1171 9501
778 13 1171 1161
779 13 9501 9505
780 13 1074 10932
781 13 1074 13745
782 13 1074 1084
783 13 10932 10936
784 13 1074 10932
785 13 1074 13745
786 13 1074 1084
787 13 13745 13741
788 13 3249 11250
789 13 3249 16603
790 13 3249 3259
791 13 11250 11254
792 13 3249 11250
793 13 3249 16603
794 13 3249 3259
795 13 117 20154
796 13 117 11784
797 13 117 127
798 13 20154 20158
799 13 117 20154
800 13 117 11784
801 13 117 127
802 13 11784 11780
803 13 156 21585
804 13 156 13688
805 13 21585 21589
806 13 156 21585
807 13 156 13688
808 13 13688 13692
809 13 291 10985
810 13 291 7805
811 13 291 301
812 13 10985 10989
813 13 291 10985
814 13 291 7805
815 13 291 301
816 13 3259 17027
817 13 3259 10883
818 13 3259 3249
819 13 3259 17027
820 13 3259 10883
821 13 3259 3249
822 13 10883 10879
823 13 475 8922
824 13 475 13900
825 13 475 465
826 13 8922 8918
827 13 475 8922
828 13 475 13900
829 13 475 465
830 13 13900 13904
831 13 620 9505
832 13 620 4307
833 13 620 610
834 13 9505 9501
835 13 620 9505
836 13 620 4307
837 13 620 610
838 13 4307 4311
839 13 2766 21112
840 13 2766 16974
841 13 2766 21112
842 13 2766 16974
843 13 3220 16073
844 13 3220 8392
845 13 3220 3230
846 13 16073 16077
847 13 3220 16073
848 13 3220 8392
849 13 3220 3230
850 13 610 11731
851 13 610 13953
852 13 610 620
853 13 11731 11727
854 13 610 11731
855 13 610 13953
856 13 610 620
857 13 13953 13957
858 13 2476 13851
859 13 2476 11727
860 13 2476 2466
861 13 2476 13851
862 13 2476 11727
863 13 2476 2466
864 13 11727 11731
865 13 2795 5159
866 13 2795 10720
867 13 2795 2785
868 13 2795 5159
869 13 2795 10720
870 13 2795 2785
871 13 10720 10724
872 13 465 16077
873 13 465 21589
874 13 465 475
875 13 16077 16073
876 13 465 16077
877 13 465 21589
878 13 465 475
879 13 21589 21585
880 13 3462 12151
881 13 3462 9028
882 13 3462 3452
883 13 12151 12155
884 13 3462 12151
885 13 3462 9028
886 13 3462 3452
887 13 2263 15335
888 13 2263 19893
889 13 2263 15335
890 13 2263 19893
891 13 19893 19889
892 13 2785 10989
893 13 2785 14434
894 13 2785 2795
895 13 10989 10985
896 13 2785 10989
897 13 2785 14434
898 13 2785 2795
899 13 14434 14430
900 13 3230 12155
901 13 3230 7915
902 13 3230 3220
903 13 12155 12151
904 13 3230 12155
905 13 3230 7915
906 13 3230 3220
907 13 3452 16285
908 13 3452 14430
909 13 3452 3462
910 13 16285 16289
911 13 3452 16285
912 13 3452 14430
913 13 3452 3462
914 13 14430 14434
915 13 3056 4572
916 13 3056 10773
917 13 3056 4572
918 13 3056 10773
919 13 3201 16289
920 13 3201 8282
921 13 16289 16285
922 13 3201 16289
923 13 3201 8282
924 13 8282 8286
925 13 3510 17716
926 13 3510 3520
927 13 3510 17716
928 13 3510 3520
929 13 3520 13162
930 13 3520 21642
931 13 3520 3510
932 13 13162 13158
933 13 3520 13162
934 13 3520 21642
935 13 3520 3510
936 13 2872 9293
937 13 2872 19363
938 13 2872 2882
939 13 9293 9289
940 13 2872 9293
941 13 2872 19363
942 13 2872 2882
943 13 19363 19359
944 13 562 20790
945 13 562 10296
946 13 562 552
947 13 20790 20794
948 13 562 20790
949 13 562 10296
950 13 562 552
951 13 1741 11890
952 13 1741 6643
953 13 1741 11890
954 13 1741 6643
955 13 726 6696
956 13 726 3834
957 13 726 736
958 13 6696 6692
959 13 726 6696
960 13 726 3834
961 13 726 736
962 13 3834 3830
963 13 2882 9717
964 13 2882 2872
965 13 9717 9713
966 13 668 20052
967 13 668 9342
968 13 668 20052
969 13 668 9342
970 13 9342 9346
971 13 1200 21218
972 13 1200 17932
973 13 1200 1190
974 13 1200 21218
975 13 1200 17932
976 13 1200 1190
977 13 17932 17928
978 13 552 16395
979 13 552 6374
980 13 552 562
981 13 16395 16391
982 13 552 16395
983 13 552 6374
984 13 552 562
985 13 2708 5901
986 13 2708 20684
987 13 2708 2698
988 13 5901 5897
989 13 2708 5901
990 13 2708 20684
991 13 2708 2698
992 13 1026 13158
993 13 1026 5367
994 13 1026 1016
995 13 13158 13162
996 13 1026 13158
997 13 1026 5367
998 13 1026 1016
999 13 5367 5371
1000 13 2959 14805
1001 13 2959 5102
1002 13 14805 14801
1003 13 2959 14805
1004 13 2959 5102
1005 13 5102 5106
1006 13 2824 8706
1007 13 2824 9982
1008 13 8706 8710
1009 13 2824 8706
1010 13 2824 9982
1011 13 1016 18246
1012 13 1016 15388
1013 13 1016 1026
1014 13 18246 18250
1015 13 1016 18246
1016 13 1016 15388
1017 13 1016 1026
1018 13 15388 15384
1019 13 2698 7540
1020 13 2698 12314
1021 13 2698 2708
1022 13 2698 7540
1023 13 2698 12314
1024 13 2698 2708
1025 13 12314 12310
1026 13 1374 10084
1027 13 1374 5954
1028 13 1374 10084
1029 13 1374 5954
1030 13 5954 5950
1031 13 1190 6957
1032 13 1190 9713
1033 13 1190 1200
1034 13 6957 6961
1035 13 1190 6957
1036 13 1190 9713
1037 13 1190 1200
1038 13 9713 9717
1039 13 2640 12204
1040 13 2640 9346
1041 13 2640 2650
1042 13 12204 12208
1043 13 2640 12204
1044 13 2640 9346
1045 13 2640 2650
1046 13 9346 9342
1047 13 2234 5371
1048 13 2234 12685
1049 13 2234 2244
1050 13 5371 5367
1051 13 2234 5371
1052 13 2234 12685
1053 13 2234 2244
1054 13 12685 12681
1055 13 2650 7650
1056 13 2650 20900
1057 13 2650 2640
1058 13 7650 7646
1059 13 2650 7650
1060 13 2650 20900
1061 13 2650 2640
1062 13 1886 5950
1063 13 1886 5049
1064 13 1886 1896
1065 13 5950 5954
1066 13 1886 5950
1067 13 1886 5049
1068 13 1886 1896
1069 13 5049 5053
1070 13 2041 13639
1071 13 2041 6537
1072 13 13639 13635
1073 13 2041 13639
1074 13 2041 6537
1075 13 6537 6533
1076 13 2244 19518
1077 13 2244 5106
1078 13 2244 2234
1079 13 19518 19522
1080 13 2244 19518
1081 13 2244 5106
1082 13 2244 2234
1083 13 5106 5102
1084 13 233 9130
1085 13 233 10190
1086 13 233 243
1087 13 233 9130
1088 13 233 10190
1089 13 233 243
1090 13 10190 10194
1091 13 1432 15759
1092 13 1432 19522
1093 13 1432 1422
1094 13 15759 15755
1095 13 1432 15759
1096 13 1432 19522
1097 13 1432 1422
1098 13 19522 19518
1099 13 2012 7438
1100 13 2012 15494
1101 13 2012 2002
1102 13 7438 7434
1103 13 2012 7438
1104 13 2012 15494
1105 13 2012 2002
1106 13 243 12310
1107 13 243 8498
1108 13 243 233
1109 13 12310 12314
1110 13 243 12310
1111 13 243 8498
1112 13 243 233
1113 13 1896 15755
1114 13 1896 20949
1115 13 1896 1886
1116 13 15755 15759
1117 13 1896 15755
1118 13 1896 20949
1119 13 1896 1886
1120 13 20949 20953
1121 13 1596 19147
1122 13 1596 12681
1123 13 1596 19147
1124 13 1596 12681
1125 13 12681 12685
1126 13 2060 6961
1127 13 2060 7646
1128 13 2060 2070
1129 13 6961 6957
1130 13 2060 6961
1131 13 2060 7646
1132 13 2060 2070
1133 13 7646 7650
1134 13 2408 10194
1135 13 2408 15282
1136 13 2408 2418
1137 13 10194 10190
1138 13 2408 10194
1139 13 2408 15282
1140 13 2408 2418
1141 13 15282 15278
1142 13 262 15172
1143 13 262 19783
1144 13 262 272
1145 13 15172 15176
1146 13 262 15172
1147 13 262 19783
1148 13 262 272
1149 13 19783 19787
1150 13 1248 8127
1151 13 1248 9925
1152 13 1248 1258
1153 13 8127 8123
1154 13 1248 8127
1155 13 1248 9925
1156 13 1248 1258
1157 13 9925 9929
1158 13 1722 5738
1159 13 1722 17451
1160 13 1722 1712
1161 13 1722 5738
1162 13 1722 17451
1163 13 1722 1712
1164 13 17451 17455
1165 13 1954 13635
1166 13 1954 1944
1167 13 13635 13639
1168 13 2418 7434
1169 13 2418 20101
1170 13 2418 2408
1171 13 7434 7438
1172 13 2418 7434
1173 13 2418 20101
1174 13 2418 2408
1175 13 20101 20105
1176 13 2070 6007
1177 13 2070 18352
1178 13 2070 2060
1179 13 6007 6003
1180 13 2070 6007
1181 13 2070 18352
1182 13 2070 2060
1183 13 2147 4095
1184 13 2147 8123
1185 13 2147 2157
1186 13 4095 4099
1187 13 2147 4095
1188 13 2147 8123
1189 13 2147 2157
1190 13 8123 8127
1191 13 3365 11360
1192 13 3365 7593
1193 13 3365 3375
1194 13 11360 11356
1195 13 3365 11360
1196 13 3365 7593
1197 13 3365 3375
1198 13 1103 19995
1199 13 1103 16130
1200 13 1103 1113
1201 13 19995 19999
1202 13 1103 19995
1203 13 1103 16130
1204 13 1103 1113
1205 13 16130 16126
1206 13 929 20476
1207 13 929 10243
1208 13 929 939
1209 13 20476 20472
1210 13 929 20476
1211 13 929 10243
1212 13 929 939
1213 13 10243 10247
1214 13 3375 17349
1215 13 3375 7487
1216 13 3375 3365
1217 13 17349 17345
1218 13 3375 17349
1219 13 3375 7487
1220 13 3375 3365
1221 13 214 8759
1222 13 214 8074
1223 13 214 8759
1224 13 214 8074
1225 13 2157 12363
1226 13 2157 20207
1227 13 2157 2147
1228 13 12363 12367
1229 13 2157 12363
1230 13 2157 20207
1231 13 2157 2147
1232 13 20207 20211
1233 13 2998 6003
1234 13 2998 7116
1235 13 2998 2988
1236 13 6003 6007
1237 13 2998 6003
1238 13 2998 7116
1239 13 2998 2988
1240 13 7116 7120
1241 13 1055 4148
1242 13 1055 17345
1243 13 1055 4148
1244 13 1055 17345
1245 13 17345 17349
1246 13 3114 20737
1247 13 3114 7279
1248 13 3114 3104
1249 13 3114 20737
1250 13 3114 7279
1251 13 3114 3104
1252 13 3104 6056
1253 13 3104 16766
1254 13 3104 3114
1255 13 6056 6060
1256 13 3104 6056
1257 13 3104 16766
1258 13 3104 3114
1259 13 1113 15013
1260 13 1113 13105
1261 13 1113 1103
1262 13 15013 15017
1263 13 1113 15013
1264 13 1113 13105
1265 13 1113 1103
1266 13 13105 13109
1267 13 2988 9929
1268 13 2988 12098
1269 13 2988 2998
1270 13 9929 9925
1271 13 2988 9929
1272 13 2988 12098
1273 13 2988 2998
1274 13 330 17292
1275 13 330 20105
1276 13 330 320
1277 13 17292 17296
1278 13 330 17292
1279 13 330 20105
1280 13 330 320
1281 13 20105 20101
1282 13 939 4837
1283 13 939 16232
1284 13 939 929
1285 13 4837 4841
1286 13 939 4837
1287 13 939 16232
1288 13 939 929
1289 13 16232 16236
1290 13 2215 4042
1291 13 2215 17826
1292 13 2215 2205
1293 13 4042 4046
1294 13 2215 4042
1295 13 2215 17826
1296 13 2215 2205
1297 13 30 21638
1298 13 30 11886
1299 13 30 40
1300 13 30 21638
1301 13 30 11886
1302 13 30 40
1303 13 3346 18462
1304 13 3346 7120
1305 13 3346 18462
1306 13 3346 7120
1307 13 7120 7116
1308 13 40 6060
1309 13 40 14010
1310 13 40 30
1311 13 6060 6056
1312 13 40 6060
1313 13 40 14010
1314 13 40 30
1315 13 14010 14006
1316 13 3491 18038
1317 13 3491 17190
1318 13 3491 3481
1319 13 18038 18034
1320 13 3491 18038
1321 13 3491 17190
1322 13 3491 3481
1323 13 3481 11091
1324 13 3481 12734
1325 13 3481 3491
1326 13 3481 11091
1327 13 3481 12734
1328 13 3481 3491
1329 13 3143 4201
1330 13 3143 17769
1331 13 3143 4201
1332 13 3143 17769
1333 13 17769 17773
1334 13 1867 8551
1335 13 1867 1857
1336 13 1867 8551
1337 13 1867 1857
1338 13 8551 8547
1339 13 1857 12579
1340 13 1857 17186
1341 13 1857 1867
1342 13 12579 12575
1343 13 1857 12579
1344 13 1857 17186
1345 13 1857 1867
1346 13 1751 17243
1347 13 1751 14324
1348 13 1751 17243
1349 13 1751 14324
1350 13 1973 11939
1351 13 1973 19681
1352 13 1973 1983
1353 13 11939 11943
1354 13 1973 11939
1355 13 1973 19681
1356 13 1973 1983
1357 13 19681 19677
1358 13 678 12045
1359 13 678 18833
1360 13 12045 12049
1361 13 678 12045
1362 13 678 18833
1363 13 18833 18829
1364 13 736 8335
1365 13 736 6692
1366 13 736 726
1367 13 8335 8339
1368 13 736 8335
1369 13 736 6692
1370 13 736 726
1371 13 6692 6696
1372 13 1316 6639
1373 13 1316 19310
1374 13 1316 1306
1375 13 1316 6639
1376 13 1316 19310
1377 13 1316 1306
1378 13 1983 19416
1379 13 1983 11943
1380 13 1983 1973
1381 13 19416 19412
1382 13 1983 19416
1383 13 1983 11943
1384 13 1983 1973
1385 13 11943 11939
1386 13 2969 10671
1387 13 2969 3728
1388 13 2969 10671
1389 13 2969 3728
1390 13 3728 3724
1391 13 1306 4254
1392 13 1306 14642
1393 13 1306 1316
1394 13 1306 4254
1395 13 1306 14642
1396 13 1306 1316
1397 13 14642 14646
1398 13 88 15808
1399 13 88 3830
1400 13 88 98
1401 13 15808 15812
1402 13 88 15808
1403 13 88 3830
1404 13 88 98
1405 13 3830 3834
1406 13 1693 21744
1407 13 1693 11625
1408 13 1693 21744
1409 13 1693 11625
1410 13 11625 11621
1411 13 2002 5053
1412 13 2002 11572
1413 13 2002 2012
1414 13 5053 5049
1415 13 2002 5053
1416 13 2002 11572
1417 13 2002 2012
1418 13 11572 11568
1419 13 494 5636
1420 13 494 13052
1421 13 494 504
1422 13 5636 5632
1423 13 494 5636
1424 13 494 13052
1425 13 494 504
1426 13 13052 13056
1427 13 3578 9660
1428 13 3578 15543
1429 13 3578 3568
1430 13 9660 9664
1431 13 3578 9660
1432 13 3578 15543
1433 13 3578 3568
1434 13 15543 15547
1435 13 2176 4413
1436 13 2176 4413
1437 13 4413 4417
1438 13 3568 11197
1439 13 3568 9664
1440 13 3568 3578
1441 13 11197 11201
1442 13 3568 11197
1443 13 3568 9664
1444 13 3568 3578
1445 13 9664 9660
1446 13 2505 20313
1447 13 2505 11148
1448 13 20313 20317
1449 13 2505 20313
1450 13 2505 11148
1451 13 11148 11144
1452 13 98 15914
1453 13 98 7968
1454 13 98 88
1455 13 15914 15918
1456 13 98 15914
1457 13 98 7968
1458 13 98 88
1459 13 7968 7964
1460 13 1451 6215
1461 13 1451 11621
1462 13 1451 1461
1463 13 1451 6215
1464 13 1451 11621
1465 13 1451 1461
1466 13 11621 11625
1467 13 3162 9558
1468 13 3162 13268
1469 13 3162 3172
1470 13 9558 9554
1471 13 3162 9558
1472 13 3162 13268
1473 13 3162 3172
1474 13 13268 13264
1475 13 2379 7014
1476 13 2379 12946
1477 13 2379 2389
1478 13 7014 7010
1479 13 2379 7014
1480 13 2379 12946
1481 13 2379 2389
1482 13 12946 12950
1483 13 2843 3724
1484 13 2843 14646
1485 13 2843 2853
1486 13 3724 3728
1487 13 2843 3724
1488 13 2843 14646
1489 13 2843 2853
1490 13 14646 14642
1491 13 2389 15066
1492 13 2389 11307
1493 13 2389 2379
1494 13 15066 15070
1495 13 2389 15066
1496 13 2389 11307
1497 13 2389 2379
1498 13 11307 11303
1499 13 1461 11042
1500 13 1461 11678
1501 13 1461 1451
1502 13 11042 11038
1503 13 1461 11042
1504 13 1461 11678
1505 13 1461 1451
1506 13 1258 8180
1507 13 1258 4682
1508 13 1258 1248
1509 13 8180 8176
1510 13 1258 8180
1511 13 1258 4682
1512 13 1258 1248
1513 13 4682 4678
1514 13 1712 11144
1515 13 1712 19734
1516 13 1712 1722
1517 13 11144 11148
1518 13 1712 11144
1519 13 1712 19734
1520 13 1712 1722
1521 13 1219 7597
1522 13 1219 14911
1523 13 1219 1229
1524 13 1219 7597
1525 13 1219 14911
1526 13 1219 1229
1527 13 14911 14907
1528 13 958 19999
1529 13 958 19787
1530 13 958 968
1531 13 19999 19995
1532 13 958 19999
1533 13 958 19787
1534 13 958 968
1535 13 19787 19783
1536 13 2853 15123
1537 13 2853 15971
1538 13 2853 2843
1539 13 15123 15119
1540 13 2853 15123
1541 13 2853 15971
1542 13 2853 2843
1543 13 15971 15967
1544 13 1606 14907
1545 13 1606 16709
1546 13 14907 14911
1547 13 1606 14907
1548 13 1606 16709
1549 13 16709 16713
1550 13 1944 7964
1551 13 1944 5689
1552 13 1944 1954
1553 13 7964 7968
1554 13 1944 7964
1555 13 1944 5689
1556 13 1944 1954
1557 13 5689 5685
1558 13 755 13374
1559 13 755 19946
1560 13 13374 13370
1561 13 755 13374
1562 13 755 19946
1563 13 1229 18356
1564 13 1229 7275
1565 13 1229 1219
1566 13 1229 18356
1567 13 1229 7275
1568 13 1229 1219
1569 13 2437 17614
1570 13 2437 18939
1571 13 17614 17610
1572 13 2437 17614
1573 13 2437 18939
1574 13 2621 9872
1575 13 2621 14748
1576 13 2621 2611
1577 13 2621 9872
1578 13 2621 14748
1579 13 2621 2611
1580 13 14748 14752
1581 13 301 18091
1582 13 301 16183
1583 13 301 291
1584 13 18091 18087
1585 13 301 18091
1586 13 301 16183
1587 13 301 291
1588 13 16183 16179
1589 13 320 4470
1590 13 320 8869
1591 13 320 330
1592 13 4470 4466
1593 13 320 4470
1594 13 320 8869
1595 13 320 330
1596 13 8869 8865
1597 13 1567 15119
1598 13 1567 16868
1599 13 1567 1577
1600 13 15119 15123
1601 13 1567 15119
1602 13 1567 16868
1603 13 1567 1577
1604 13 16868 16872
1605 13 2611 17080
1606 13 2611 7063
1607 13 2611 2621
1608 13 2611 17080
1609 13 2611 7063
1610 13 2611 2621
1611 13 7063 7067
1612 13 378 5685
1613 13 378 8388
1614 13 378 388
1615 13 5685 5689
1616 13 378 5685
1617 13 378 8388
1618 13 378 388
1619 13 1809 4841
1620 13 1809 10724
1621 13 1809 1799
1622 13 4841 4837
1623 13 1809 4841
1624 13 1809 10724
1625 13 1809 1799
1626 13 10724 10720
1627 13 1577 19624
1628 13 1577 16978
1629 13 1577 1567
1630 13 1577 19624
1631 13 1577 16978
1632 13 1577 1567
1633 13 2466 14483
1634 13 2466 20158
1635 13 2466 2476
1636 13 2466 14483
1637 13 2466 20158
1638 13 2466 2476
1639 13 20158 20154
1640 13 388 12897
1641 13 388 20472
1642 13 388 378
1643 13 12897 12893
1644 13 388 12897
1645 13 388 20472
1646 13 388 378
1647 13 20472 20476
1648 13 1799 5526
1649 13 1799 15706
1650 13 1799 1809
1651 13 5526 5530
1652 13 1799 5526
1653 13 1799 15706
1654 13 1799 1809
1655 13 784 5530
1656 13 784 12632
1657 13 784 794
1658 13 5530 5526
1659 13 784 5530
1660 13 784 12632
1661 13 784 794
1662 13 12632 12628
1663 13 794 8975
1664 13 794 6321
1665 13 794 784
1666 13 794 8975
1667 13 794 6321
1668 13 794 784
1669 13 6321 6325